0.23940548 0.08506975 0.00231937 0.00021637 0.00496221 0.00068284 0.04808688 0.00627267 0.00082164 0.25849193 0.01716288 0.16074198 0.00985859 0.02095155 0.01239402 0.01096418 0.00936519 0.03628810 0.06175848 0.01418589
0.19740111 0.23433592 0.00305142 0.00012819 0.00047356 0.00072975 0.00981857 0.00938227 0.00012814 0.10276982 0.06811645 0.02854191 0.01050746 0.00426519 0.00387631 0.13094932 0.00568068 0.12341137 0.06480268 0.00162987
0.04924591 0.01137428 0.00015916 0.00008838 0.00010192 0.01324304 0.00143039 0.00270737 0.00003632 0.02428315 0.03026853 0.02059999 0.00041193 0.00014393 0.00047190 0.00919998 0.00066230 0.08236616 0.75288090 0.00032448
0.42720447 0.04128690 0.00078746 0.00010054 0.00092026 0.00180476 0.00331932 0.00496704 0.00008540 0.03846096 0.03703000 0.13023695 0.00219023 0.00576249 0.00368213 0.01087839 0.00263659 0.06893630 0.21706960 0.00264021
0.42706281 0.06443936 0.00170302 0.00014936 0.00303077 0.00164763 0.00624042 0.00714243 0.00010981 0.09994104 0.01556745 0.09061203 0.00448583 0.00393693 0.00420580 0.00595653 0.00235135 0.06068152 0.19364869 0.00708722
0.22258033 0.08954598 0.00161608 0.00020792 0.00151180 0.00295557 0.03994482 0.00636226 0.00037174 0.17684956 0.01984214 0.10047323 0.00942288 0.02250146 0.00877579 0.02236067 0.00354559 0.15091565 0.11484136 0.00537518
0.44897219 0.04024278 0.00138569 0.00012815 0.00068666 0.00311096 0.00495144 0.00577263 0.00018441 0.03666724 0.00982135 0.09965110 0.00166944 0.00721332 0.00154929 0.00672863 0.00257315 0.04207199 0.28413812 0.00248144
0.00099031 0.00787977 0.00923750 0.00000001 0.00006864 0.00088938 0.00751330 0.00384628 0.00001746 0.00019703 0.00110523 0.00017072 0.00117476 0.00016407 0.05454363 0.00006098 0.00066146 0.00841803 0.00050573 0.90255572
0.00285161 0.01352744 0.00327445 0.00000030 0.00002394 0.00056246 0.00045334 0.00844348 0.00009413 0.00002854 0.00191556 0.00022701 0.00010211 0.00151943 0.54353138 0.00023149 0.00745513 0.00755424 0.00558138 0.40262259
0.00132299 0.00982894 0.00221755 0.00000008 0.00011157 0.00004266 0.00442418 0.01217521 0.00014279 0.00036443 0.00233427 0.00009246 0.00041722 0.00211980 0.14387124 0.00029441 0.01292033 0.00557810 0.00101585 0.80072592
0.00227029 0.05333152 0.00767042 0.00000009 0.00013256 0.00042039 0.01117355 0.01222866 0.00025829 0.00014823 0.00223395 0.00027724 0.00046730 0.00208361 0.37129339 0.00011038 0.00263161 0.00458371 0.00070968 0.52797513
0.00023770 0.00253287 0.00132499 0.00000003 0.00001323 0.00020765 0.00136456 0.01205331 0.00009775 0.00007927 0.00136990 0.00002263 0.00018449 0.00059162 0.06451636 0.00020402 0.00187474 0.00250583 0.00027184 0.91054721
0.00041062 0.01083804 0.00187881 0.00000009 0.00001868 0.00041514 0.00160009 0.00162230 0.00007794 0.00001596 0.00017926 0.00001098 0.00011688 0.00145591 0.82354712 0.00009257 0.00352217 0.00258251 0.00083241 0.15078253
0.15553726 0.00681925 0.00339644 0.00000307 0.02069258 0.00018782 0.02382387 0.00230077 0.00004339 0.07198020 0.00646869 0.04404253 0.00639250 0.00275375 0.01252554 0.00181339 0.00907691 0.03735598 0.01510886 0.57967721
0.02254568 0.10120079 0.00000389 0.86339241 0.00825817 0.00000003 0.00000003 0.00004463 0.00000454 0.00015582 0.00000029 0.00086347 0.00005096 0.00308424 0.00000026 0.00001073 0.00000001 0.00000215 0.00038090 0.00000100
0.02245981 0.02264612 0.00000169 0.60438039 0.30074740 0.00002018 0.00000001 0.00199231 0.00000241 0.00077199 0.00000010 0.00095297 0.00038774 0.00388670 0.00000134 0.00002900 0.00000043 0.00019538 0.04152256 0.00000145
0.00078882 0.00012035 0.00000008 0.79486642 0.19919645 0.00000001 0.00000000 0.00000096 0.00000001 0.00017199 0.00000005 0.00028757 0.00000016 0.00018466 0.00000015 0.00000048 0.00000002 0.00000010 0.00438144 0.00000028
0.00374531 0.00116757 0.00000047 0.89242288 0.09798217 0.00000108 0.00000000 0.00002851 0.00000003 0.00004154 0.00000005 0.00061510 0.00001000 0.00057809 0.00000102 0.00000088 0.00000001 0.00000091 0.00340405 0.00000031
0.00028005 0.00048215 0.00000013 0.98653413 0.01167385 0.00000015 0.00000000 0.00000467 0.00000002 0.00002373 0.00000008 0.00009184 0.00000076 0.00009323 0.00000026 0.00000041 0.00000001 0.00000012 0.00081387 0.00000056
0.00169709 0.00135813 0.00000061 0.99175421 0.00424298 0.00000058 0.00000000 0.00002232 0.00000002 0.00002361 0.00000010 0.00002631 0.00000423 0.00009792 0.00000080 0.00000148 0.00000001 0.00000139 0.00076736 0.00000085
0.00071362 0.00044718 0.00000016 0.99251845 0.00418210 0.00000005 0.00000000 0.00000846 0.00000012 0.00001448 0.00000003 0.00005208 0.00000050 0.00064149 0.00000022 0.00000380 0.00000000 0.00000006 0.00141683 0.00000037
0.01343137 0.00001838 0.00000775 0.00001201 0.97914651 0.00009032 0.00000000 0.00000590 0.00000025 0.00017994 0.00000017 0.00039012 0.00000297 0.00007458 0.00000029 0.00000001 0.00000611 0.00000169 0.00654579 0.00008583
0.02565313 0.00001259 0.00000050 0.00000001 0.95902762 0.00000943 0.00000000 0.00008271 0.00000000 0.00000523 0.00015348 0.00124496 0.00000350 0.00002581 0.00000010 0.00000001 0.00005234 0.00001794 0.01355062 0.00016001
0.00009319 0.00000006 0.00000003 0.00000008 0.99725135 0.00000005 0.00000000 0.00000003 0.00000000 0.00000069 0.00000562 0.00096219 0.00000011 0.00000050 0.00000000 0.00000000 0.00000003 0.00000000 0.00168604 0.00000003
0.00260261 0.00000820 0.00000072 0.00000362 0.97542517 0.00000497 0.00000000 0.00000493 0.00000002 0.00000353 0.00000436 0.00107142 0.00000387 0.00002979 0.00000004 0.00000002 0.00000216 0.00000008 0.02082528 0.00000924
0.00120492 0.00000209 0.00000021 0.00000048 0.99601504 0.00000068 0.00000000 0.00000294 0.00000000 0.00001424 0.00001623 0.00032518 0.00000474 0.00001535 0.00000002 0.00000001 0.00000088 0.00000012 0.00238096 0.00001590
0.05500581 0.00002135 0.00000137 0.00004845 0.84092935 0.00005506 0.00000000 0.00007759 0.00000002 0.00001968 0.00000260 0.00053228 0.00000420 0.00001907 0.00000056 0.00000002 0.00000725 0.00000049 0.10327034 0.00000451
0.00084709 0.00000052 0.00000008 0.00000039 0.99629889 0.00000019 0.00000000 0.00000048 0.00000000 0.00000059 0.00000358 0.00010358 0.00000040 0.00000475 0.00000000 0.00000010 0.00000117 0.00000003 0.00273269 0.00000547
0.00012622 0.02688594 0.03172599 0.00000032 0.00000018 0.00138692 0.00000020 0.32709108 0.00249967 0.00001424 0.00089548 0.00000045 0.00180859 0.04373856 0.00580054 0.24400920 0.04060714 0.01201433 0.04075799 0.22063697
0.00000708 0.00122440 0.00031256 0.00000726 0.00000002 0.00000169 0.00000090 0.13035751 0.00012946 0.00000561 0.00036639 0.00000123 0.00020234 0.00548297 0.00012112 0.39541049 0.00185297 0.00258388 0.00007955 0.46185255
0.00011774 0.01220151 0.01166674 0.00000039 0.00000016 0.00025754 0.00000000 0.45910403 0.00005787 0.00000630 0.00034372 0.00000082 0.00007474 0.06919972 0.02205485 0.26239005 0.09479815 0.00354372 0.00113291 0.06304904
0.00004849 0.00518199 0.01502692 0.00000070 0.00000012 0.00042122 0.00000002 0.18952671 0.00046807 0.00000382 0.00008812 0.00000160 0.00030284 0.06201638 0.00525217 0.24004777 0.00381068 0.00398870 0.00091977 0.47289391
0.00001465 0.00357720 0.00129141 0.00000020 0.00000004 0.00012499 0.00000006 0.33352761 0.00053718 0.00000151 0.00035055 0.00000027 0.00037854 0.01203984 0.00098154 0.54959054 0.01584010 0.00423311 0.00018768 0.07732299
0.00010901 0.03829452 0.01688492 0.00000752 0.00000022 0.00022655 0.00000040 0.24396292 0.05000049 0.00004916 0.00016675 0.00000737 0.00120820 0.10364089 0.00152412 0.45360562 0.00496670 0.00687406 0.00225033 0.07622027
0.00006750 0.00870581 0.00117807 0.00000038 0.00000004 0.00006374 0.00000000 0.72289998 0.00002469 0.00000194 0.00130737 0.00000045 0.00009968 0.00933311 0.00488002 0.13828212 0.07516383 0.00794833 0.00016080 0.02988214
0.00025645 0.00217765 0.00237614 0.00000001 0.00000026 0.88194272 0.00000001 0.00626050 0.00163553 0.00000198 0.00018294 0.00000034 0.00040940 0.00294044 0.00014164 0.00076625 0.00118347 0.00019818 0.09354374 0.00598234
0.00001370 0.00192544 0.00006273 0.00000001 0.00000004 0.83481477 0.00000007 0.01318107 0.00007091 0.00000039 0.00000489 0.00000154 0.00072374 0.00879153 0.00043249 0.07487256 0.00497180 0.00055060 0.05957702 0.00000471
0.00039932 0.00172590 0.00148861 0.00000001 0.00000003 0.75152369 0.00000000 0.03429280 0.00635029 0.00000488 0.00819460 0.00000089 0.00045860 0.04722852 0.00020929 0.01357435 0.04790870 0.00257662 0.08236193 0.00170098
0.00181095 0.02018534 0.00324386 0.00000002 0.00000038 0.63252052 0.00000004 0.05126746 0.01910287 0.00002316 0.00059090 0.00002121 0.00080396 0.03573140 0.00149127 0.00738415 0.06590344 0.00559437 0.15306495 0.00125976
0.00001669 0.00007379 0.00003556 0.00000000 0.00000000 0.96764672 0.00000000 0.00040918 0.00029009 0.00000005 0.00000150 0.00000003 0.00001061 0.00004815 0.00001418 0.00001381 0.00049590 0.00001225 0.03089232 0.00003916
0.00005179 0.00032843 0.00029938 0.00000000 0.00000004 0.89192536 0.00000000 0.00242472 0.00417199 0.00000108 0.00003049 0.00000019 0.00021739 0.00361225 0.00016492 0.00614962 0.00243252 0.00006311 0.08800036 0.00012637
0.00001089 0.00004240 0.00008026 0.00000000 0.00000007 0.97602387 0.00000000 0.00147983 0.00163158 0.00000026 0.00000401 0.00000007 0.00002449 0.00685589 0.00004018 0.00032766 0.00022742 0.00000684 0.01313322 0.00011106
0.01090113 0.05045717 0.00019547 0.00091848 0.02728837 0.00000005 0.00000346 0.00027689 0.00000008 0.00107616 0.00000037 0.90009162 0.00306767 0.00034670 0.00406212 0.00002752 0.00000242 0.00108797 0.00015453 0.00004181
0.09433659 0.45592809 0.01764669 0.00045673 0.00051208 0.00000619 0.00000192 0.02595573 0.00000271 0.00238249 0.00001567 0.31145746 0.03391772 0.00004739 0.02181995 0.00026724 0.00000216 0.03361525 0.00106660 0.00056135
0.01876327 0.04191809 0.01166352 0.00600310 0.00014410 0.00002842 0.00000530 0.00962484 0.00003355 0.04506303 0.00002799 0.26009462 0.14519362 0.00028847 0.00296675 0.00126159 0.00000219 0.45430790 0.00142215 0.00118747
0.00892383 0.05041425 0.00118236 0.00083980 0.00042189 0.00000784 0.00000035 0.00165755 0.00000717 0.01611673 0.00000075 0.87758252 0.01202880 0.00017229 0.01173276 0.00001854 0.00000059 0.01497930 0.00383416 0.00007851
0.03538232 0.47803460 0.00203748 0.00313382 0.00325304 0.00000015 0.00001600 0.00525922 0.00001067 0.00138789 0.00000016 0.40947710 0.00741877 0.00059486 0.00953039 0.00286741 0.00000769 0.04043597 0.00083588 0.00031657
0.01450643 0.29167141 0.00483722 0.00236497 0.00005676 0.00000122 0.00000162 0.00332044 0.00002720 0.03027407 0.00000021 0.55166665 0.03286342 0.00013871 0.03575770 0.00033579 0.00000045 0.03027653 0.00119746 0.00070176
0.24560370 0.05190539 0.00268804 0.00298504 0.00403936 0.00000766 0.00000029 0.01665817 0.00000696 0.01649519 0.00006883 0.49388517 0.07651442 0.00213081 0.02736018 0.00408745 0.00008169 0.04754626 0.00641763 0.00151777
0.00134272 0.00190674 0.00004565 0.00000052 0.00000027 0.00000131 0.00000000 0.00003513 0.99522454 0.00000025 0.00010184 0.00000029 0.00011530 0.00105968 0.00003788 0.00001433 0.00001663 0.00000044 0.00008169 0.00001477
0.00001056 0.01035637 0.00227767 0.00000001 0.00000514 0.00063169 0.01921455 0.00173597 0.10867565 0.01763979 0.00000017 0.00140709 0.26177480 0.00047886 0.00036967 0.00045248 0.01214006 0.00016977 0.00035583 0.56230388
0.04767725 0.14171701 0.00066748 0.00015529 0.00008319 0.00000611 0.00000044 0.25157395 0.42847538 0.00236114 0.00037374 0.00015407 0.00010396 0.06536070 0.01115048 0.00698784 0.00127234 0.00129275 0.03956097 0.00102589
0.01097089 0.02666916 0.00089115 0.00003164 0.00001031 0.00002289 0.00000134 0.03231265 0.67157961 0.00028787 0.00042757 0.00015528 0.00212526 0.23664093 0.00443022 0.00315542 0.00208275 0.00034223 0.00276288 0.00509995
0.00348074 0.00624396 0.00005757 0.00000230 0.00000430 0.00005393 0.00000034 0.00143920 0.98171039 0.00010475 0.00004871 0.00003048 0.00069638 0.00270378 0.00015467 0.00005755 0.00059823 0.00004561 0.00039715 0.00216996
0.00590047 0.04075820 0.00005715 0.00002703 0.00001421 0.00004018 0.00000211 0.05039905 0.85536942 0.00003041 0.00028019 0.00022757 0.00064137 0.02409690 0.00171849 0.00027458 0.00293892 0.00000837 0.01679082 0.00042455
0.00100596 0.01595311 0.00041410 0.00000587 0.00000223 0.00006198 0.00000038 0.00399549 0.95874526 0.00035097 0.00000162 0.00003372 0.00081688 0.00999498 0.00121771 0.00056271 0.00033208 0.00008880 0.00484823 0.00156793
0.00002704 0.48381035 0.00001093 0.00010425 0.00064534 0.00011052 0.00000336 0.04334177 0.00016832 0.00183470 0.00003384 0.00321366 0.00448803 0.01155456 0.00303601 0.10121022 0.08740556 0.00890006 0.24998620 0.00011530
0.00012164 0.12829768 0.00009365 0.00000961 0.00005310 0.00026184 0.00026330 0.07863374 0.00018334 0.00157605 0.00751238 0.00146730 0.03696252 0.00791201 0.00359724 0.42815672 0.17199402 0.12285701 0.00670293 0.00334391
0.00020718 0.65042043 0.00047010 0.00020053 0.00007947 0.00012840 0.00259260 0.12891981 0.00033346 0.00285055 0.00496598 0.01605342 0.00894798 0.00647446 0.02568922 0.03239063 0.01994143 0.08631913 0.00578050 0.00723471
0.00013334 0.52912499 0.00011682 0.00056813 0.00288992 0.00006757 0.00053674 0.03627815 0.00077788 0.05383166 0.00043205 0.10924405 0.01625501 0.03185697 0.01591322 0.03633696 0.02592709 0.05884183 0.07814756 0.00272005
0.00022158 0.61354073 0.00010326 0.00009980 0.00112282 0.00004161 0.00119224 0.03120117 0.00031688 0.00323671 0.00028505 0.04930965 0.02593277 0.01226445 0.00596376 0.05566760 0.11175853 0.01495733 0.07150714 0.00127693
0.00001966 0.12629073 0.00007120 0.00006211 0.00008484 0.00034451 0.00005401 0.03540145 0.00015447 0.00102275 0.00196608 0.00042731 0.00838579 0.03515915 0.00015217 0.63856987 0.08193456 0.04878371 0.02089166 0.00022397
0.00000477 0.33292177 0.00015068 0.00016339 0.00000605 0.00057391 0.00080100 0.08993450 0.00040585 0.00421435 0.00062345 0.00071175 0.00541805 0.02705737 0.00395979 0.45653908 0.02857721 0.03708373 0.00954096 0.00131233
0.93828779 0.00014552 0.00000306 0.00000406 0.00010293 0.00000022 0.00000000 0.00000870 0.00001425 0.00001051 0.00000000 0.00823430 0.00000010 0.04596424 0.00005060 0.00000005 0.00000001 0.00000059 0.00716894 0.00000412
0.99658209 0.00005340 0.00003544 0.00000005 0.00003793 0.00000074 0.00000000 0.00000248 0.00001679 0.00008670 0.00000002 0.00203307 0.00000270 0.00102113 0.00001152 0.00000027 0.00000001 0.00000455 0.00011092 0.00000019
0.44588656 0.00001998 0.00000262 0.00000070 0.00001374 0.00000011 0.00000000 0.00000839 0.00000045 0.00000193 0.00000000 0.55272602 0.00000009 0.00077050 0.00000134 0.00000001 0.00000001 0.00000310 0.00056443 0.00000004
0.99612298 0.00007204 0.00000311 0.00000235 0.00007729 0.00000010 0.00000000 0.00000224 0.00000156 0.00000381 0.00000000 0.00119500 0.00000014 0.00221774 0.00001494 0.00000001 0.00000000 0.00000045 0.00028593 0.00000030
0.96541032 0.00002207 0.00000512 0.00000275 0.00007994 0.00000312 0.00000000 0.00001302 0.00000397 0.00002115 0.00000000 0.02738422 0.00000014 0.00534475 0.00000680 0.00000006 0.00000001 0.00000414 0.00169700 0.00000143
0.97034882 0.00013917 0.00001981 0.00000634 0.00051937 0.00000025 0.00000000 0.00000498 0.00000218 0.00002167 0.00000001 0.01410163 0.00000041 0.01377669 0.00001398 0.00000004 0.00000002 0.00000848 0.00103527 0.00000087
0.84805950 0.00026163 0.00000225 0.00000673 0.00005742 0.00000013 0.00000000 0.00003747 0.00002442 0.00001117 0.00000000 0.10676244 0.00000022 0.04281786 0.00003144 0.00000012 0.00000004 0.00000068 0.00192635 0.00000015
0.00000137 0.00060227 0.00009474 0.00000012 0.00004327 0.00004811 0.00027985 0.00002506 0.00000024 0.95154891 0.00000023 0.03062490 0.00154802 0.00000064 0.00011135 0.00000003 0.00000001 0.00001654 0.00118779 0.01386655
0.00000001 0.00005088 0.00002995 0.00000006 0.00000006 0.00000163 0.00000421 0.00000058 0.00000014 0.99827398 0.00000000 0.00006512 0.00002231 0.00000000 0.00000045 0.00000000 0.00000000 0.00000043 0.00034453 0.00120565
0.00000129 0.00066157 0.00003684 0.00003707 0.00000426 0.00000524 0.00010774 0.00001911 0.00000399 0.99318342 0.00000050 0.00036695 0.00368953 0.00000021 0.00000374 0.00000011 0.00000000 0.00000551 0.00091948 0.00095344
0.00000128 0.00126600 0.00030667 0.00000171 0.00000176 0.00001750 0.00007665 0.00004180 0.00001152 0.98532067 0.00000144 0.00317995 0.00503541 0.00000022 0.00001004 0.00000018 0.00000000 0.00002899 0.00330331 0.00139490
0.00000021 0.00010427 0.00007095 0.00000074 0.00000074 0.00000098 0.00009591 0.00000331 0.00000152 0.99826447 0.00000001 0.00009702 0.00059747 0.00000003 0.00000053 0.00000001 0.00000000 0.00000255 0.00027431 0.00048496
0.00000018 0.00007272 0.00003076 0.00000029 0.00000032 0.00000158 0.00000490 0.00000149 0.00000959 0.99637105 0.00000000 0.00007149 0.00006232 0.00000010 0.00000023 0.00000004 0.00000000 0.00000095 0.00323754 0.00013447
0.00000015 0.00022484 0.00001522 0.00000178 0.00000669 0.00000225 0.00002183 0.00000133 0.00000160 0.99622288 0.00000001 0.00088217 0.00095178 0.00000001 0.00000142 0.00000000 0.00000000 0.00000029 0.00004073 0.00162501
0.10948612 0.04118663 0.00501307 0.00001158 0.00045433 0.00093321 0.00049554 0.03130272 0.00038837 0.00134700 0.03854529 0.00771376 0.00094985 0.10992381 0.01661637 0.01492308 0.19758913 0.05389305 0.11575786 0.25346923
0.02987025 0.03490949 0.00128406 0.00003117 0.00036550 0.00100415 0.00016479 0.04220887 0.00083074 0.00028987 0.20491174 0.00157123 0.00050593 0.14207340 0.01884431 0.03017886 0.18530956 0.03899693 0.21301068 0.05363847
0.03591429 0.02937823 0.00321012 0.00000601 0.00041012 0.00127126 0.00084414 0.03456884 0.00113035 0.00100120 0.07749763 0.00247533 0.00086306 0.21764920 0.01350113 0.03354164 0.23771343 0.05680414 0.17595021 0.07626967
0.03497581 0.07518784 0.00468631 0.00003956 0.00089603 0.00160272 0.00211843 0.05787093 0.00066300 0.00248589 0.04648930 0.00310312 0.00186720 0.05183705 0.09212264 0.00675472 0.10370678 0.04096411 0.06290786 0.40972073
0.03198488 0.01368465 0.00379334 0.00000321 0.00011466 0.00684805 0.00008373 0.07175375 0.00218949 0.00017288 0.09927230 0.00039416 0.00020804 0.13821170 0.02183588 0.01301568 0.23854889 0.02002674 0.19348511 0.14437285
0.03584826 0.07981604 0.00361947 0.00008334 0.00263849 0.00095640 0.01977501 0.01776742 0.00045492 0.00305733 0.04383583 0.00399844 0.00415466 0.14039657 0.10705444 0.01562838 0.17998943 0.10639075 0.04735401 0.18718080
0.09402249 0.02678682 0.00229307 0.00014842 0.01277483 0.00043171 0.00181628 0.02791517 0.00049828 0.00409421 0.04179668 0.00840080 0.00648902 0.17994528 0.00649628 0.01765819 0.24462314 0.09478801 0.08022409 0.14879722
0.05031272 0.00174477 0.00001343 0.00000043 0.00001764 0.18961022 0.00000000 0.00021163 0.00016579 0.00494603 0.00000130 0.52710121 0.00000019 0.00064792 0.08031637 0.00000045 0.00004604 0.00008898 0.14475797 0.00001691
0.00196825 0.01740032 0.00073310 0.00007592 0.00102596 0.00002736 0.00001913 0.00069021 0.07645025 0.10749337 0.00000002 0.78069647 0.01112849 0.00070706 0.00078368 0.00004998 0.00000889 0.00006752 0.00066082 0.00001319
0.55829462 0.00551128 0.00011145 0.00012219 0.00031482 0.00001017 0.00000000 0.00015843 0.00012669 0.00078557 0.00000326 0.26568672 0.00000059 0.01735416 0.00152341 0.00001036 0.00000238 0.00003034 0.14995088 0.00000265
0.03737469 0.00115458 0.00000489 0.00001367 0.00012235 0.00007636 0.00000000 0.00017621 0.00047313 0.00254361 0.00000122 0.87656631 0.00000045 0.00786174 0.00137403 0.00000554 0.00000713 0.00001373 0.07222967 0.00000071
0.02110768 0.00674374 0.00002306 0.00001606 0.00004020 0.00075725 0.00000000 0.00005032 0.00006820 0.00220684 0.00000256 0.74335443 0.00000455 0.00652749 0.00177644 0.00000819 0.00000347 0.00011279 0.21719116 0.00000558
0.22814024 0.00317052 0.00003286 0.00000444 0.00012929 0.00102055 0.00000000 0.00003338 0.00003858 0.00041539 0.00000062 0.73981725 0.00000665 0.00047327 0.00219089 0.00000045 0.00000118 0.00009630 0.02440330 0.00002484
0.09320605 0.00288588 0.00007095 0.00000653 0.00017227 0.01204962 0.00000000 0.00006332 0.00012843 0.00115529 0.00000115 0.80230439 0.00000824 0.00068566 0.00088505 0.00000066 0.00000281 0.00005935 0.08630931 0.00000502
0.03703310 0.00209510 0.00144421 0.00000064 0.00009651 0.00234763 0.00000364 0.05734944 0.00015503 0.00001589 0.00238260 0.00074383 0.00005145 0.01655139 0.00223908 0.00005467 0.01865238 0.00224446 0.09513729 0.76140167
0.00570303 0.00685071 0.00023206 0.00000273 0.00005898 0.00042461 0.00003989 0.12563593 0.00026164 0.00000305 0.01815383 0.00035066 0.00010489 0.00471524 0.02783918 0.00028749 0.03462989 0.00103999 0.04004211 0.73362409
0.03225147 0.00387235 0.00080327 0.00000256 0.00019673 0.00079750 0.00008556 0.10993442 0.00034773 0.00003249 0.00887628 0.00073738 0.00012713 0.19584841 0.01589088 0.00043644 0.05622424 0.00596983 0.21308190 0.35448345
0.00417329 0.00198853 0.00046307 0.00000105 0.00003607 0.00598721 0.00001003 0.13541694 0.00014211 0.00000656 0.00225254 0.00008034 0.00002486 0.00769307 0.02421957 0.00003433 0.02029712 0.00137709 0.05957778 0.73621844
0.00922342 0.00092871 0.00043226 0.00000129 0.00003160 0.00269424 0.00000174 0.30340899 0.00058085 0.00000482 0.03096156 0.00004927 0.00001656 0.01737720 0.00751595 0.00023503 0.04513277 0.00175231 0.07119577 0.50845568
0.03861254 0.00740987 0.00180043 0.00003492 0.00127108 0.00363549 0.00025467 0.22997894 0.00030824 0.00001668 0.00581864 0.00012423 0.00064207 0.05407052 0.10281406 0.00015273 0.20926952 0.02531378 0.10308619 0.21538542
0.04700127 0.00884095 0.00468242 0.00001409 0.00209595 0.00060018 0.00038510 0.03139227 0.00021632 0.00333148 0.01418463 0.01508791 0.00210267 0.01941449 0.00099239 0.00431180 0.10888220 0.02463545 0.14430403 0.56752439
0.00224171 0.00437355 0.01239981 0.00000077 0.00004990 0.00141124 0.00295127 0.00033497 0.00022822 0.77075790 0.00000280 0.00084688 0.00556097 0.00014161 0.00190338 0.00016884 0.00000248 0.00779226 0.04253408 0.14629737
0.00004717 0.00015401 0.00006154 0.00000237 0.00000499 0.00000331 0.01008760 0.00000524 0.00002138 0.98894012 0.00000023 0.00027152 0.00013366 0.00004506 0.00000089 0.00003563 0.00000005 0.00001333 0.00006412 0.00010777
0.00000814 0.00014217 0.00003119 0.00000079 0.00000236 0.00000302 0.00012855 0.00000483 0.00001311 0.99806070 0.00000026 0.00065915 0.00007408 0.00000055 0.00000106 0.00000059 0.00000001 0.00008595 0.00005852 0.00072495
0.00008922 0.00035692 0.00010895 0.00000195 0.00001519 0.00002488 0.00013278 0.00001106 0.00003321 0.99612470 0.00000055 0.00032806 0.00026355 0.00003460 0.00000457 0.00001324 0.00000006 0.00007899 0.00061564 0.00176189
0.00041222 0.00036245 0.00092496 0.00000050 0.00000541 0.00015620 0.00072006 0.00004971 0.00004873 0.97851997 0.00000077 0.00123673 0.00051256 0.00003049 0.00006218 0.00000602 0.00000053 0.00065738 0.00071151 0.01558160
0.00013337 0.00457425 0.00186766 0.00002062 0.00001168 0.00106556 0.01332811 0.00014024 0.00133696 0.88987698 0.00000271 0.00094690 0.01154084 0.00037154 0.00005606 0.00055713 0.00000210 0.00319274 0.00113133 0.06984322
0.00027240 0.00055783 0.00039323 0.00001132 0.00000948 0.00000405 0.00140364 0.00001450 0.00004579 0.99342405 0.00000114 0.00085230 0.00063478 0.00003088 0.00000373 0.00003041 0.00000009 0.00046617 0.00051413 0.00133010
0.00000000 0.00001436 0.00005008 0.00000000 0.00000000 0.00318852 0.00000000 0.00000946 0.99563287 0.00000000 0.00002194 0.00000000 0.00000024 0.00047903 0.00000002 0.00000780 0.00056874 0.00000918 0.00000996 0.00000782
0.00000019 0.00109263 0.00043061 0.00000000 0.00000005 0.03707627 0.00026249 0.00091345 0.75927214 0.00008056 0.00000103 0.00000069 0.00012385 0.00193457 0.00005794 0.00287065 0.04077770 0.00025760 0.00286941 0.15197815
0.00003030 0.02604904 0.00142406 0.00000000 0.00000000 0.02833887 0.00000023 0.00919537 0.87986427 0.00000311 0.00232522 0.00000168 0.00002005 0.00512558 0.00012671 0.00591936 0.01035581 0.01072453 0.02027453 0.00022128
0.00000007 0.00055687 0.00013109 0.00000000 0.00000000 0.01665195 0.00000000 0.00049018 0.96174765 0.00000041 0.00004468 0.00000005 0.00000823 0.00048679 0.00000371 0.00020713 0.01786430 0.00061640 0.00108182 0.00010866
0.00000018 0.00170434 0.00023769 0.00000000 0.00000000 0.00328516 0.00000001 0.00078849 0.97230580 0.00000011 0.00011841 0.00000002 0.00000904 0.00354086 0.00000428 0.00167126 0.01490149 0.00065773 0.00045516 0.00031998
0.00000039 0.03144860 0.00280203 0.00000000 0.00000000 0.00694341 0.00000027 0.00375900 0.92807183 0.00000038 0.00000866 0.00000002 0.00001411 0.00056016 0.00008178 0.00720798 0.01785321 0.00037899 0.00074818 0.00012098
0.00000151 0.00079628 0.00017278 0.00000000 0.00000000 0.04845697 0.00000002 0.00101166 0.93376952 0.00000055 0.00002600 0.00000056 0.00001182 0.00153031 0.00000443 0.00022344 0.00906524 0.00014337 0.00414375 0.00064180
0.00273334 0.33641216 0.03103608 0.00000007 0.00001268 0.00079971 0.00001013 0.07703818 0.01642692 0.00038563 0.00000851 0.02791594 0.00295422 0.05915008 0.01276321 0.31866069 0.00826368 0.01384713 0.09144700 0.00013464
0.01863626 0.01174726 0.00880445 0.00000087 0.00078463 0.00028327 0.00061744 0.04885124 0.03871354 0.00074567 0.00007712 0.07889789 0.01044879 0.09919795 0.00512480 0.02646351 0.00510157 0.00795397 0.63701064 0.00053913
0.00298787 0.04929577 0.00178376 0.00000006 0.00005376 0.00016678 0.00007085 0.09977679 0.01029972 0.00109167 0.00000516 0.24049785 0.00052674 0.19644853 0.00814509 0.02666403 0.01644379 0.00607365 0.33954203 0.00012609
0.03511217 0.13513147 0.00481546 0.00000005 0.00019203 0.00017241 0.00002081 0.12330861 0.00733338 0.00173938 0.00001969 0.12557867 0.00383634 0.05087584 0.00242782 0.10569466 0.00660884 0.03290813 0.36416799 0.00005626
0.00488511 0.43067166 0.01528867 0.00000015 0.00002433 0.00073658 0.00007727 0.08778119 0.03945084 0.00059600 0.00011491 0.01175759 0.00293367 0.09495091 0.01398291 0.04413382 0.01195437 0.05161637 0.18881555 0.00022809
0.05595964 0.03288130 0.01421910 0.00000016 0.00001808 0.00099185 0.00000940 0.14361372 0.02115778 0.00401740 0.00033287 0.09673689 0.00193208 0.29513747 0.00322724 0.04310250 0.02966699 0.02643473 0.23023389 0.00032694
0.00397650 0.10875060 0.00339999 0.00000024 0.00013847 0.00074447 0.00011001 0.11741165 0.01543899 0.00059337 0.00001540 0.08071480 0.00181161 0.46184240 0.00915263 0.04742915 0.00879979 0.01128691 0.12790150 0.00048152
0.00000465 0.00058811 0.00154568 0.00000011 0.00000023 0.00081425 0.00161255 0.00001480 0.00027082 0.99378111 0.00000000 0.00007139 0.00044754 0.00000255 0.00000058 0.00000022 0.00000026 0.00000480 0.00063251 0.00020783
0.00000137 0.00005634 0.00002022 0.00000167 0.00000566 0.00004942 0.00796248 0.00000340 0.00003732 0.99080066 0.00000001 0.00012486 0.00007194 0.00000233 0.00000027 0.00000060 0.00000007 0.00001117 0.00003486 0.00081535
0.00000137 0.00354654 0.00008745 0.00000077 0.00000118 0.00001983 0.01643113 0.00001216 0.00017751 0.97854217 0.00000004 0.00046365 0.00027332 0.00000094 0.00000040 0.00000012 0.00000028 0.00000528 0.00009182 0.00034404
0.00000010 0.00071503 0.00010452 0.00000041 0.00000005 0.00053313 0.02938604 0.00000539 0.00035149 0.96805957 0.00000001 0.00012892 0.00049874 0.00000004 0.00000045 0.00000004 0.00000008 0.00000569 0.00003231 0.00017799
0.00000265 0.00033644 0.00034998 0.00000073 0.00000081 0.00008384 0.00164108 0.00000837 0.00028246 0.99601597 0.00000001 0.00017131 0.00028811 0.00000263 0.00000023 0.00000019 0.00000027 0.00000391 0.00019384 0.00061715
0.00017770 0.01540916 0.00614883 0.00000722 0.00000070 0.00052416 0.17006782 0.00014204 0.00173156 0.77022847 0.00000010 0.02500744 0.00861901 0.00000841 0.00004036 0.00000291 0.00000051 0.00007928 0.00046524 0.00133910
0.00000994 0.00143138 0.00020773 0.00000088 0.00000084 0.00000693 0.00894508 0.00001964 0.00003082 0.98828226 0.00000036 0.00032152 0.00022193 0.00000935 0.00000034 0.00000281 0.00000030 0.00001854 0.00016077 0.00032858
0.00950964 0.00002675 0.00055805 0.00000001 0.00451409 0.00000972 0.00000003 0.00004448 0.00000294 0.00027547 0.00000005 0.76569410 0.00000235 0.13393783 0.00015376 0.00000599 0.00018018 0.00008693 0.08497886 0.00001878
0.02696972 0.02271348 0.01808498 0.00000525 0.00095916 0.00044118 0.00009006 0.00149175 0.00050761 0.01351355 0.00000435 0.82861336 0.00919053 0.05134018 0.00457815 0.00412485 0.00205033 0.00580376 0.00834039 0.00117738
0.05104423 0.00238597 0.01197017 0.00000006 0.00136329 0.00001424 0.00000336 0.00916253 0.00000944 0.00022179 0.00001476 0.55598332 0.00001111 0.28205276 0.01473300 0.00304071 0.00357992 0.01056060 0.05372018 0.00012855
0.28449810 0.00158086 0.01343925 0.00000027 0.00251937 0.00002460 0.00000044 0.00287155 0.00014523 0.00142932 0.00000215 0.29324336 0.00002200 0.22642770 0.01094794 0.00016340 0.00343108 0.00084832 0.15822748 0.00017757
0.00472324 0.00439983 0.00294024 0.00000015 0.00091433 0.00018651 0.00000289 0.00280713 0.00015015 0.00064833 0.00000056 0.61625173 0.00006695 0.29467872 0.00657134 0.00079052 0.00407713 0.00312303 0.05734562 0.00032160
0.02642835 0.00335941 0.00123410 0.00000035 0.00101930 0.00000510 0.00002742 0.00068124 0.00018436 0.00620166 0.00000028 0.87266908 0.00005276 0.05423136 0.00046866 0.00029289 0.00028699 0.00201941 0.03059779 0.00023950
0.00524769 0.00028455 0.00176543 0.00000002 0.00071853 0.00001200 0.00000026 0.00048139 0.00001538 0.00013329 0.00000079 0.86344812 0.00000856 0.04176312 0.00036487 0.00018024 0.00137108 0.00178798 0.08240058 0.00001611
0.00001791 0.00883891 0.00674790 0.00000000 0.00000000 0.00001520 0.00000002 0.00355926 0.00008681 0.00000444 0.00144099 0.00000343 0.00000526 0.00171914 0.00563791 0.95797466 0.00427721 0.00893711 0.00071989 0.00001394
0.00001001 0.00058726 0.00058973 0.00000000 0.00000000 0.00009874 0.00000119 0.00318839 0.00037450 0.00000032 0.00044616 0.00000014 0.00000101 0.02960532 0.00011255 0.96276496 0.00173535 0.00029621 0.00018748 0.00000067
0.00000678 0.00368378 0.00158843 0.00000000 0.00000000 0.00051628 0.00000032 0.00231587 0.00033461 0.00000092 0.00026633 0.00000065 0.00000887 0.00115727 0.00019401 0.97981671 0.00531022 0.00456089 0.00023338 0.00000468
0.00000178 0.00197666 0.00056302 0.00000000 0.00000000 0.00002580 0.00000014 0.00169726 0.00009726 0.00000094 0.00039906 0.00000033 0.00000093 0.00241716 0.00016185 0.98940403 0.00173713 0.00139372 0.00011909 0.00000382
0.00000215 0.00102140 0.00139093 0.00000000 0.00000000 0.00015544 0.00000008 0.00096728 0.00029714 0.00000168 0.00010162 0.00000042 0.00000039 0.00127534 0.00009499 0.98730827 0.00529991 0.00033409 0.00174663 0.00000223
0.00001188 0.01032701 0.00740958 0.00000000 0.00000000 0.00087103 0.00000386 0.00122028 0.01152611 0.00004358 0.00010433 0.00000133 0.00003521 0.00729536 0.00013450 0.94887284 0.01062808 0.00063491 0.00086782 0.00001227
0.00030183 0.01458386 0.00179754 0.00000000 0.00000007 0.00030695 0.00000015 0.01781462 0.00161173 0.00000871 0.00434334 0.00004723 0.00003479 0.00733126 0.00098988 0.90192131 0.02124627 0.00369449 0.02394645 0.00001951
0.04257642 0.24823898 0.18022821 0.00000030 0.00001270 0.00000501 0.00001160 0.05359608 0.00124377 0.03853657 0.00570198 0.00530691 0.03006971 0.00420022 0.00109598 0.00852896 0.00029716 0.37192256 0.00282235 0.00560453
0.01818488 0.06709601 0.10376663 0.00000860 0.00000233 0.00005503 0.00000396 0.00910499 0.00790528 0.02176576 0.00005691 0.00211456 0.00098680 0.26610614 0.02581025 0.45552965 0.00002631 0.00448750 0.00995337 0.00703504
0.05658438 0.63690307 0.14445470 0.00000387 0.00001183 0.00091083 0.00000528 0.02975466 0.00006874 0.00027241 0.00050273 0.00010476 0.00028836 0.00278647 0.00766907 0.00274669 0.00039087 0.01356911 0.10183802 0.00113414
0.04002380 0.42795812 0.29042361 0.00000159 0.00000187 0.00134914 0.00001258 0.00882510 0.00236195 0.00840218 0.00027073 0.00112833 0.01112354 0.00366287 0.00533612 0.00818571 0.00024220 0.06464972 0.11804842 0.00799242
0.03457326 0.48975291 0.24581956 0.00000149 0.00000630 0.00008355 0.00000683 0.08380773 0.00179489 0.00628338 0.00556177 0.00033443 0.00454359 0.03095401 0.04560245 0.01298852 0.00061182 0.01302306 0.01441918 0.00983128
0.00286855 0.82378053 0.05428536 0.00000094 0.00000005 0.00005253 0.00001840 0.02120751 0.00215642 0.00128638 0.00020461 0.00050991 0.00220586 0.00026707 0.00137138 0.01652124 0.00017526 0.04839412 0.01831912 0.00637477
0.13098054 0.49245586 0.21490211 0.00000138 0.00000875 0.00033580 0.00001679 0.02306943 0.00363619 0.00197641 0.00320049 0.00242696 0.01006124 0.00961059 0.00441164 0.00466076 0.00037749 0.07345111 0.01815013 0.00626634
0.00569064 0.12241483 0.00657033 0.00002446 0.00001501 0.00000000 0.00007752 0.00284506 0.00003279 0.00003358 0.00000105 0.00138924 0.84810505 0.00022740 0.00341500 0.00115611 0.00000787 0.00778232 0.00005278 0.00015893
0.00005168 0.42240751 0.00564402 0.00033307 0.00000020 0.00000603 0.00058314 0.00109768 0.00270121 0.00566486 0.00000004 0.00813769 0.54382997 0.00002940 0.00036497 0.00028937 0.00000101 0.00724605 0.00006334 0.00154875
0.00466240 0.67217524 0.02169826 0.00000634 0.00000265 0.00000000 0.00064826 0.03569945 0.00040373 0.00013958 0.00005661 0.00043842 0.12570829 0.00006944 0.00135889 0.09378561 0.00001848 0.04299380 0.00002199 0.00011257
0.00118300 0.16918980 0.00176747 0.00000802 0.00000148 0.00000000 0.00026393 0.00464816 0.00001922 0.00010199 0.00000065 0.00035562 0.79518604 0.00000542 0.00084616 0.00010471 0.00000106 0.02597692 0.00000158 0.00033874
0.01707126 0.25969586 0.00700101 0.00000266 0.00003598 0.00000002 0.00002838 0.00423974 0.00026789 0.00004114 0.00000049 0.00853043 0.66669904 0.00014009 0.00767302 0.00034467 0.00001977 0.02669976 0.00004883 0.00145998
0.00173797 0.29675914 0.00350893 0.00000474 0.00000067 0.00000006 0.00003713 0.00084150 0.00010975 0.00002856 0.00000005 0.00089011 0.67800470 0.00000772 0.00133337 0.00009292 0.00000236 0.01589184 0.00000450 0.00074397
0.00254993 0.38831456 0.00541175 0.00002731 0.00000079 0.00000003 0.00001668 0.01240251 0.00046504 0.00016823 0.00000061 0.00091279 0.57684050 0.00007868 0.00539717 0.00045311 0.00000298 0.00685256 0.00002774 0.00007702
0.00000153 0.00012277 0.00005791 0.00000000 0.00000010 0.00526942 0.00000000 0.00004888 0.00000263 0.00004402 0.00000370 0.00001427 0.00000001 0.00131282 0.00001793 0.00165081 0.00013409 0.00015537 0.99113350 0.00003024
0.00000116 0.00000039 0.00000132 0.00000000 0.00000014 0.00012768 0.00000000 0.00000202 0.00000007 0.00000308 0.00000068 0.00000067 0.00000001 0.00007456 0.00000035 0.00002166 0.00001108 0.00000693 0.99974810 0.00000009
0.00000014 0.00000912 0.00000055 0.00000000 0.00000175 0.00000917 0.00000001 0.00020556 0.00001630 0.00027061 0.00000254 0.00000689 0.00000001 0.00059151 0.00000281 0.00036491 0.00160592 0.00000819 0.99690006 0.00000395
0.00000123 0.00005230 0.00000968 0.00000000 0.00000130 0.00135109 0.00000001 0.00005527 0.00001546 0.00001085 0.00000541 0.00001396 0.00000003 0.00134083 0.00003298 0.00046486 0.00063184 0.00002763 0.99598227 0.00000300
0.00000073 0.00001060 0.00000256 0.00000000 0.00000018 0.00008590 0.00000000 0.00001269 0.00000279 0.00005337 0.00000706 0.00002423 0.00000005 0.00109461 0.00000237 0.00028427 0.00037923 0.00001022 0.99802063 0.00000853
0.00002882 0.00019668 0.00011264 0.00000000 0.00003546 0.00020371 0.00000010 0.00011117 0.00000281 0.00017431 0.00004862 0.00022555 0.00000026 0.00254685 0.00001608 0.00037545 0.00160589 0.00056048 0.99374394 0.00001117
0.00000065 0.00000905 0.00000127 0.00000000 0.00000003 0.00063953 0.00000000 0.00009812 0.00002713 0.00019039 0.00000093 0.00000027 0.00000000 0.00013211 0.00000121 0.00074655 0.00006933 0.00000554 0.99807614 0.00000176
0.00000691 0.00334921 0.00025071 0.00000029 0.00002601 0.00001253 0.00084792 0.00139358 0.00002740 0.00004268 0.00000415 0.00001273 0.00083234 0.00008658 0.00000324 0.00017146 0.00029500 0.00007391 0.00272966 0.98983366
0.00008112 0.02045938 0.00319853 0.00000010 0.00002516 0.00021084 0.01328569 0.00289543 0.00047670 0.00001710 0.00000131 0.00066215 0.01162834 0.00016790 0.00064505 0.00005752 0.00024689 0.00103938 0.00611353 0.93878788
0.00013858 0.18706278 0.00239980 0.00002246 0.00290827 0.00004170 0.10675100 0.04378080 0.00052723 0.00307759 0.00001199 0.00098449 0.23655765 0.00272049 0.00022131 0.01157633 0.00242760 0.00317493 0.01536428 0.38025072
0.00004887 0.00860561 0.00073167 0.00003161 0.00035456 0.00020920 0.03351268 0.01490167 0.00284999 0.00241545 0.00001254 0.00012694 0.02439949 0.00052586 0.00005361 0.00035325 0.00027237 0.00160229 0.00331875 0.90567361
0.00003614 0.01051007 0.00039147 0.00000762 0.00056509 0.00007195 0.02469940 0.03172433 0.00084673 0.00034059 0.00001225 0.00012298 0.01714839 0.00102733 0.00006567 0.00268202 0.00052753 0.00046606 0.00943023 0.89932415
0.00000421 0.02739591 0.00189238 0.00001773 0.00005232 0.00002188 0.41615294 0.00105359 0.02664264 0.00039599 0.00000098 0.00010622 0.23568584 0.00165683 0.00010897 0.00125824 0.00018149 0.00172084 0.00128263 0.28436837
0.00000241 0.00016304 0.00001574 0.00000035 0.00110811 0.00000010 0.02278317 0.00002877 0.00000808 0.00004198 0.00000002 0.00012560 0.00449416 0.00001438 0.00000107 0.00000785 0.00028146 0.00001776 0.00002195 0.97088401
0.00009644 0.00146806 0.00107583 0.00000000 0.00000000 0.00366069 0.00000000 0.07456820 0.00001246 0.00000000 0.00728843 0.00000075 0.00001027 0.00341627 0.20669714 0.00031926 0.67595732 0.00771704 0.00001164 0.01770019
0.00000322 0.00001440 0.00001542 0.00000000 0.00000000 0.00004591 0.00000000 0.03438245 0.00000758 0.00000000 0.00088511 0.00000000 0.00000002 0.00004822 0.00053290 0.00003127 0.96398000 0.00002506 0.00002656 0.00000188
0.00015744 0.04718499 0.02543315 0.00000000 0.00000000 0.00012354 0.00000019 0.28919033 0.00108665 0.00000005 0.09939424 0.00000397 0.00006288 0.00206716 0.15792979 0.01749139 0.35401821 0.00377596 0.00002698 0.00205308
0.00000355 0.00036407 0.00040317 0.00000000 0.00000000 0.00130518 0.00000000 0.01121159 0.00005926 0.00000000 0.00089396 0.00000014 0.00000202 0.00022908 0.00953403 0.00042829 0.97478499 0.00023831 0.00001060 0.00053176
0.00011838 0.00426017 0.00655074 0.00000000 0.00000000 0.00031302 0.00000001 0.20577226 0.00054503 0.00000001 0.02045177 0.00000062 0.00005584 0.00432918 0.14689591 0.00542552 0.57182146 0.00558835 0.00003650 0.02783522
0.00003777 0.02167735 0.00565808 0.00000000 0.00000000 0.00723252 0.00000000 0.01439677 0.00112899 0.00000001 0.00010639 0.00000114 0.00000933 0.00086165 0.66533904 0.00116219 0.28080129 0.00030223 0.00008409 0.00120115
0.00580176 0.00397885 0.00391367 0.00000000 0.00000009 0.00139342 0.00000005 0.36907855 0.00022969 0.00000262 0.05662730 0.00018554 0.00011503 0.01546287 0.00146753 0.02908367 0.09135537 0.42026650 0.00081706 0.00022042
0.00000409 0.00000000 0.00000001 0.00000000 0.00000001 0.00000568 0.00000000 0.00000000 0.00000000 0.00000010 0.00000000 0.00000003 0.00000000 0.00000070 0.00000000 0.00000004 0.00000000 0.00000000 0.99998934 0.00000000
0.00000128 0.00000000 0.00000002 0.00000000 0.00000000 0.00017539 0.00000000 0.00000001 0.00000000 0.00000019 0.00000000 0.00000001 0.00000000 0.00000031 0.00000000 0.00000002 0.00000000 0.00000000 0.99982278 0.00000001
0.00000090 0.00000000 0.00000001 0.00000000 0.00000000 0.00000651 0.00000000 0.00000001 0.00000000 0.00000064 0.00000000 0.00000010 0.00000000 0.00000042 0.00000000 0.00000001 0.00000000 0.00000001 0.99999139 0.00000000
0.00000109 0.00000000 0.00000004 0.00000000 0.00000000 0.00000658 0.00000000 0.00000001 0.00000000 0.00000136 0.00000000 0.00000009 0.00000000 0.00000103 0.00000000 0.00000002 0.00000000 0.00000000 0.99998977 0.00000000
0.00004336 0.00000000 0.00000011 0.00000000 0.00000001 0.00001533 0.00000000 0.00000001 0.00000000 0.00000035 0.00000000 0.00000052 0.00000000 0.00000207 0.00000000 0.00000004 0.00000000 0.00000009 0.99993808 0.00000001
0.00000025 0.00000000 0.00000001 0.00000000 0.00000000 0.00002894 0.00000000 0.00000001 0.00000000 0.00000006 0.00000000 0.00000000 0.00000000 0.00000057 0.00000000 0.00000002 0.00000000 0.00000000 0.99997012 0.00000000
