0.17904636 0.15235433 0.00201503 0.00128984 0.00772786 0.00103166 0.03846925 0.00348346 0.00125114 0.17217799 0.02341450 0.21327851 0.00631678 0.01632143 0.00349517 0.00287371 0.01285809 0.04734534 0.10373757 0.01151198
0.15247476 0.44826092 0.00164409 0.00031750 0.00076178 0.00038123 0.00398920 0.00154526 0.00028015 0.10157543 0.02627920 0.08647225 0.00825523 0.00259118 0.00104285 0.04730579 0.01111628 0.04484391 0.06001450 0.00084849
0.02035533 0.00060769 0.00011466 0.00003381 0.00007776 0.00462335 0.00033973 0.00009387 0.00007780 0.00225700 0.00358720 0.00574798 0.00015551 0.00001532 0.00001688 0.00064634 0.00031710 0.00391449 0.95690678 0.00011138
0.57828980 0.02745141 0.00032718 0.00028117 0.00067470 0.00082679 0.00087418 0.00033235 0.00006360 0.00740661 0.00513061 0.06202339 0.00040855 0.00189316 0.00034245 0.00095515 0.00345371 0.01199996 0.29694880 0.00031643
0.37727798 0.03683136 0.00119352 0.00065953 0.00366130 0.00233202 0.00272330 0.00131580 0.00026723 0.02330012 0.00427221 0.03823599 0.00312865 0.00891956 0.00121210 0.00289447 0.00396159 0.03630866 0.44925792 0.00224669
0.23748299 0.14555888 0.00213060 0.00091224 0.00168328 0.00380393 0.03023668 0.00077733 0.00079936 0.05193878 0.01022976 0.07294412 0.00249702 0.02093353 0.00141483 0.01192009 0.00242886 0.05020367 0.34978437 0.00231971
0.49509235 0.05407356 0.00161452 0.00113335 0.00203043 0.00380884 0.00093068 0.00196150 0.00025564 0.01820480 0.00532970 0.05603517 0.00073708 0.00639229 0.00097741 0.00113934 0.00589019 0.01785017 0.32569355 0.00084942
0.00014484 0.00126389 0.00035349 0.00000012 0.00000638 0.00011985 0.00085745 0.00044419 0.00000384 0.00005957 0.00009230 0.00001196 0.00003340 0.00000845 0.00592798 0.00000585 0.00014880 0.00404939 0.00003481 0.98643345
0.00026795 0.00524003 0.00045976 0.00000094 0.00000399 0.00006035 0.00009602 0.00218942 0.00001821 0.00001132 0.00021537 0.00001770 0.00001271 0.00014770 0.04942636 0.00001037 0.00061392 0.00143492 0.00024886 0.93952408
0.00003325 0.00377278 0.00026599 0.00000028 0.00001489 0.00001391 0.00086088 0.00195649 0.00002798 0.00003554 0.00004012 0.00002104 0.00000490 0.00019980 0.02088634 0.00002334 0.00080680 0.00038097 0.00002340 0.97063130
0.00016593 0.01929985 0.00235206 0.00000164 0.00004349 0.00008104 0.00085127 0.00230434 0.00008424 0.00002649 0.00111945 0.00006005 0.00003629 0.00010454 0.03374149 0.00000751 0.00045712 0.00234774 0.00046882 0.93644665
0.00001563 0.00026810 0.00004988 0.00000010 0.00000248 0.00000786 0.00000868 0.00125868 0.00000755 0.00000344 0.00024338 0.00000108 0.00001818 0.00001936 0.00115719 0.00000322 0.00007993 0.00044800 0.00002920 0.99637806
0.00019980 0.01647549 0.00281481 0.00000489 0.00006175 0.00077603 0.00147915 0.00742992 0.00016644 0.00002009 0.00043818 0.00003518 0.00017973 0.00071350 0.29828439 0.00015400 0.00512023 0.01260061 0.00276307 0.65028273
0.05348977 0.00331278 0.00037242 0.00002638 0.00496571 0.00014765 0.02195331 0.00160462 0.00008897 0.01596961 0.00345458 0.00964574 0.00281249 0.00209206 0.00463244 0.00018172 0.00428394 0.06300523 0.00354642 0.80441417
0.00582209 0.01483672 0.00001553 0.97148848 0.00607771 0.00000026 0.00000005 0.00001743 0.00007252 0.00005917 0.00000019 0.00032809 0.00001937 0.00102698 0.00000018 0.00000397 0.00000007 0.00003068 0.00019952 0.00000097
0.00627164 0.01322002 0.00000668 0.88691372 0.08125663 0.00001286 0.00000000 0.00402856 0.00002482 0.00002073 0.00000051 0.00000353 0.00034430 0.00165590 0.00000148 0.00000071 0.00000148 0.00004640 0.00618930 0.00000074
0.00037711 0.00000403 0.00000205 0.92268862 0.07551274 0.00000019 0.00000000 0.00000015 0.00000023 0.00000176 0.00000003 0.00006718 0.00000061 0.00010063 0.00000004 0.00000000 0.00000005 0.00000018 0.00124439 0.00000001
0.01585185 0.00013438 0.00000225 0.83438576 0.14636186 0.00000080 0.00000000 0.00006344 0.00000034 0.00005002 0.00000022 0.00003144 0.00000795 0.00018799 0.00000058 0.00000004 0.00000001 0.00000527 0.00291566 0.00000012
0.00312458 0.00115693 0.00001566 0.49997789 0.48163884 0.00001091 0.00000002 0.00008181 0.00000400 0.00014167 0.00000259 0.00006621 0.00000524 0.00274542 0.00000078 0.00000033 0.00000042 0.00000642 0.01101779 0.00000251
0.00477152 0.00032984 0.00000149 0.97108754 0.02182096 0.00000109 0.00000000 0.00006353 0.00000098 0.00003099 0.00000045 0.00000160 0.00000346 0.00110467 0.00000065 0.00000019 0.00000003 0.00000297 0.00077642 0.00000160
0.02009338 0.00405625 0.00001864 0.46511850 0.49312371 0.00000313 0.00000001 0.00009334 0.00000867 0.00019286 0.00000117 0.00010301 0.00000102 0.00107099 0.00000327 0.00000270 0.00000104 0.00000175 0.01610306 0.00000353
0.17631905 0.00033522 0.00017169 0.00906913 0.78980121 0.00271270 0.00000001 0.00011284 0.00009167 0.00027387 0.00000380 0.00016276 0.00009765 0.00825717 0.00001491 0.00000002 0.00010709 0.00003629 0.01232509 0.00010782
0.01073857 0.00002554 0.00000328 0.00004512 0.98102044 0.00002223 0.00000000 0.00001802 0.00000002 0.00000269 0.00009011 0.00002769 0.00000177 0.00007123 0.00000009 0.00000000 0.00001631 0.00000865 0.00786943 0.00003879
0.00014092 0.00000003 0.00000026 0.00001036 0.99572546 0.00000007 0.00000000 0.00000000 0.00000000 0.00000067 0.00000065 0.00007500 0.00000032 0.00000049 0.00000000 0.00000000 0.00000030 0.00000001 0.00404543 0.00000000
0.00292334 0.00000240 0.00000169 0.00012866 0.99555420 0.00000212 0.00000000 0.00000677 0.00000002 0.00000314 0.00002049 0.00001166 0.00000043 0.00000269 0.00000001 0.00000001 0.00000360 0.00000012 0.00133758 0.00000106
0.06817146 0.00000297 0.00000423 0.00031212 0.92904896 0.00001686 0.00000000 0.00007461 0.00000004 0.00000448 0.00095199 0.00029534 0.00000297 0.00001861 0.00000006 0.00000001 0.00000404 0.00000116 0.00104812 0.00004198
0.33629442 0.00000114 0.00000471 0.00140879 0.60650168 0.00004390 0.00000000 0.00019534 0.00000023 0.00000714 0.00006864 0.00000914 0.00000230 0.00000462 0.00000011 0.00000002 0.00001439 0.00000090 0.05544178 0.00000075
0.01598746 0.00000850 0.00000056 0.00010437 0.98290869 0.00000128 0.00000000 0.00000477 0.00000004 0.00000111 0.00003225 0.00011626 0.00000037 0.00000258 0.00000001 0.00000002 0.00000303 0.00000042 0.00082649 0.00000180
0.00000934 0.01392581 0.01172351 0.00000950 0.00000855 0.01181827 0.00000266 0.37215705 0.00204061 0.00000270 0.00017398 0.00000022 0.00070727 0.00487734 0.00414780 0.37016214 0.07389581 0.00110198 0.00809927 0.12513620
0.00000118 0.01211194 0.00157950 0.00000331 0.00000064 0.00013367 0.00000956 0.09968095 0.00040106 0.00000269 0.00061690 0.00000014 0.00015373 0.00225292 0.00045662 0.80050871 0.00111107 0.00095247 0.00001638 0.08000656
0.00001196 0.00790626 0.00283888 0.00004215 0.00001762 0.00199632 0.00000030 0.56166865 0.00015311 0.00000276 0.00018545 0.00000010 0.00003613 0.01953290 0.03137112 0.32309040 0.03307911 0.00024424 0.00166060 0.01616194
0.00000429 0.00835073 0.00292535 0.00004447 0.00000213 0.00212746 0.00000202 0.03378454 0.00053032 0.00000050 0.00016614 0.00000157 0.00015466 0.05692188 0.00731763 0.34081190 0.00103670 0.00218704 0.00019463 0.54343605
0.00000196 0.00463176 0.00014137 0.00001346 0.00000041 0.00018538 0.00000291 0.03873140 0.00044845 0.00000004 0.00010449 0.00000009 0.00011942 0.02401486 0.00023025 0.91222167 0.00074913 0.00180852 0.00003496 0.01655946
0.00000467 0.06765986 0.00612960 0.00012304 0.00000652 0.00140006 0.00000778 0.02341032 0.02316086 0.00000829 0.00009080 0.00000255 0.00179332 0.03713128 0.00220563 0.81760037 0.00184480 0.00122124 0.00160596 0.01459304
0.00000246 0.00159030 0.00048435 0.00000910 0.00000024 0.00045498 0.00000010 0.75764246 0.00005644 0.00000005 0.00060223 0.00000022 0.00000785 0.00212355 0.01409604 0.19035749 0.02498460 0.00309501 0.00003137 0.00446116
0.00001076 0.00317978 0.00004910 0.00003068 0.00000241 0.98063470 0.00000017 0.00175521 0.00065479 0.00000020 0.00009482 0.00000004 0.00007699 0.00092726 0.00006412 0.00000521 0.00000901 0.00005061 0.01204520 0.00040895
0.00000437 0.00110569 0.00003180 0.00000078 0.00000015 0.96403740 0.00000009 0.00088143 0.00008093 0.00000022 0.00000496 0.00000003 0.00011688 0.00452237 0.00001406 0.00805007 0.00007031 0.00003310 0.02104045 0.00000492
0.00003994 0.00094134 0.00031090 0.00000328 0.00000271 0.93671955 0.00000002 0.01657835 0.00463735 0.00000096 0.00034635 0.00000017 0.00004563 0.00442473 0.00012508 0.00344949 0.02577949 0.00007562 0.00605958 0.00045948
0.00005652 0.00080516 0.00010745 0.00000202 0.00000075 0.98615189 0.00000001 0.00295523 0.00027527 0.00000023 0.00004187 0.00000086 0.00013499 0.00255567 0.00022631 0.00017219 0.00024507 0.00001270 0.00595435 0.00030146
0.00000149 0.00004538 0.00001927 0.00000003 0.00000004 0.98096814 0.00000000 0.00002653 0.00002506 0.00000000 0.00000041 0.00000001 0.00000137 0.00000977 0.00000629 0.00000390 0.00001295 0.00000069 0.01887676 0.00000191
0.00000103 0.00006527 0.00000451 0.00000014 0.00000002 0.99383326 0.00000000 0.00000873 0.00011393 0.00000001 0.00000070 0.00000000 0.00000124 0.00003715 0.00000298 0.00003210 0.00000704 0.00000150 0.00588919 0.00000119
0.00000292 0.00010094 0.00002857 0.00000047 0.00000029 0.99296515 0.00000001 0.00016292 0.00022323 0.00000010 0.00000309 0.00000001 0.00000131 0.00209417 0.00000540 0.00017217 0.00000630 0.00000268 0.00421574 0.00001454
0.01238967 0.14931517 0.01448347 0.00663352 0.07357290 0.00000248 0.00000428 0.00110392 0.00000307 0.00082391 0.00000522 0.71974674 0.00313545 0.00093670 0.01662284 0.00002202 0.00000060 0.00085503 0.00018008 0.00016294
0.00774569 0.27859055 0.00944988 0.00076334 0.00246126 0.00000567 0.00000156 0.00628418 0.00000437 0.00931689 0.00003283 0.65891575 0.01758584 0.00002057 0.00634019 0.00003178 0.00000028 0.00063879 0.00009379 0.00171679
0.08656479 0.00477669 0.00726473 0.03598223 0.00125565 0.00005163 0.00008315 0.00453895 0.00014573 0.08824410 0.00017190 0.72218268 0.03550126 0.00036640 0.00154259 0.00029160 0.00000295 0.00788311 0.00140866 0.00174119
0.00197459 0.00863339 0.00015741 0.00022030 0.00012201 0.00000300 0.00000016 0.00007942 0.00000377 0.00038065 0.00000292 0.98691447 0.00028990 0.00001008 0.00079671 0.00000018 0.00000002 0.00034090 0.00002575 0.00004437
0.00972777 0.18793774 0.00026273 0.00240680 0.00022320 0.00000111 0.00000256 0.00020951 0.00000910 0.00001938 0.00000240 0.79415346 0.00122381 0.00012150 0.00193822 0.00003199 0.00000046 0.00167972 0.00001217 0.00003638
0.02652810 0.62353235 0.00340326 0.00375489 0.00004134 0.00000468 0.00000149 0.00291852 0.00001389 0.00052505 0.00000763 0.31550328 0.00312062 0.00002637 0.01122266 0.00000304 0.00000019 0.00924111 0.00001693 0.00013460
0.38207645 0.06622341 0.00161615 0.00389384 0.00271937 0.00000671 0.00000496 0.00726901 0.00001839 0.00025494 0.00010448 0.44867866 0.00392516 0.00040101 0.03105141 0.00052997 0.00001540 0.05039029 0.00046440 0.00035599
0.14116945 0.23032524 0.00239541 0.00108688 0.00033535 0.00000752 0.00000029 0.00010107 0.59810840 0.00006865 0.01092503 0.00000444 0.00371374 0.00493694 0.00069730 0.00001298 0.00195966 0.00003174 0.00403566 0.00008423
0.00035935 0.01020064 0.00097612 0.00000314 0.00028211 0.00114452 0.07530444 0.00018697 0.12359062 0.00959534 0.00000153 0.00091393 0.75862160 0.00219587 0.00096187 0.00005459 0.00163163 0.00055141 0.00087978 0.01254455
0.03398813 0.20151954 0.00556454 0.00102130 0.00083152 0.00005485 0.00000129 0.01882580 0.06260543 0.00611868 0.00103687 0.00022476 0.00031768 0.06113148 0.02470516 0.01921943 0.00064434 0.00125153 0.55994550 0.00099217
0.00112836 0.00376114 0.00267526 0.00004970 0.00001570 0.00001434 0.00000239 0.00135933 0.67749777 0.00016510 0.00001618 0.00002962 0.00034778 0.31009718 0.00115589 0.00089373 0.00001271 0.00001755 0.00073625 0.00002402
0.00036737 0.00287073 0.00032465 0.00001419 0.00001400 0.00012316 0.00000574 0.00007067 0.99065008 0.00312339 0.00000179 0.00003284 0.00018983 0.00127401 0.00003556 0.00001526 0.00001200 0.00000935 0.00050007 0.00036533
0.00014344 0.00793565 0.00010609 0.00007293 0.00001398 0.00013124 0.00000116 0.00230354 0.96606698 0.00018148 0.00000741 0.00001623 0.00012722 0.01227430 0.00037402 0.00004827 0.00003646 0.00000100 0.01010745 0.00005114
0.00016730 0.00095587 0.00032299 0.00007506 0.00000144 0.00006392 0.00000074 0.00009778 0.99018705 0.00129410 0.00000018 0.00000634 0.00009916 0.00397024 0.00007660 0.00004886 0.00000119 0.00000073 0.00259712 0.00003333
0.00003027 0.09081620 0.00000806 0.00036870 0.00352758 0.00029200 0.00001151 0.01229448 0.00014193 0.00118035 0.00007041 0.00075742 0.00959870 0.01038724 0.00057056 0.04386276 0.17096680 0.00041319 0.65466921 0.00003262
0.00023289 0.13439203 0.00025505 0.00024296 0.00054587 0.00076912 0.00032075 0.02922149 0.00041062 0.00460796 0.00612774 0.00070096 0.03786114 0.01375033 0.00099747 0.52432184 0.20939602 0.01209378 0.02310890 0.00064309
0.00146982 0.60923249 0.00336480 0.00346565 0.00502952 0.00255259 0.00253041 0.09745839 0.00054994 0.00605865 0.02382154 0.11550783 0.02240462 0.00721164 0.01011093 0.00794654 0.04035456 0.02237859 0.01478753 0.00376397
0.00122909 0.32180299 0.00032115 0.00116804 0.00600297 0.00086539 0.00025882 0.02346037 0.00042030 0.00815422 0.00092999 0.18858338 0.04194807 0.00852106 0.00949047 0.02293098 0.02847334 0.03623612 0.29880665 0.00039657
0.00063508 0.55075406 0.00034311 0.00038317 0.00784743 0.00015437 0.00016516 0.01027688 0.00008343 0.00083133 0.00129054 0.03536448 0.08165147 0.01002519 0.00744806 0.03481737 0.15473727 0.01073251 0.09165751 0.00080158
0.00014817 0.11420458 0.00035116 0.00029538 0.00163734 0.00319532 0.00010411 0.02059394 0.00035761 0.00091547 0.00370106 0.00101986 0.05906191 0.06937197 0.00183623 0.41823221 0.26073783 0.03323399 0.01094008 0.00006177
0.00007358 0.39591462 0.00092812 0.00040336 0.00012485 0.00113837 0.00023302 0.11983623 0.00065965 0.00095291 0.00326171 0.00091278 0.01246653 0.00880643 0.00409837 0.30435105 0.02790292 0.09899237 0.01759715 0.00134598
0.74890765 0.00015618 0.00001035 0.00015515 0.00100193 0.00000222 0.00000000 0.00000188 0.00000829 0.00002649 0.00000001 0.07377688 0.00000013 0.16945659 0.00014635 0.00000000 0.00000004 0.00000269 0.00634359 0.00000358
0.99855060 0.00001609 0.00000515 0.00002047 0.00000434 0.00000276 0.00000000 0.00000018 0.00000117 0.00001542 0.00000001 0.00102360 0.00000012 0.00029284 0.00000056 0.00000000 0.00000001 0.00000229 0.00006438 0.00000002
0.21115500 0.00001431 0.00000621 0.00007706 0.00002633 0.00000044 0.00000000 0.00000138 0.00000042 0.00000429 0.00000008 0.78700432 0.00000005 0.00009554 0.00000116 0.00000000 0.00000007 0.00001210 0.00160124 0.00000001
0.99985237 0.00000073 0.00000055 0.00000905 0.00000090 0.00000003 0.00000000 0.00000004 0.00000005 0.00000035 0.00000000 0.00009367 0.00000000 0.00003919 0.00000031 0.00000000 0.00000000 0.00000002 0.00000273 0.00000001
0.98977299 0.00000027 0.00001038 0.00000269 0.00000657 0.00000284 0.00000000 0.00000009 0.00000045 0.00001567 0.00000000 0.01010560 0.00000000 0.00002670 0.00000150 0.00000000 0.00000000 0.00000080 0.00005343 0.00000001
0.99596308 0.00000312 0.00003842 0.00001582 0.00002587 0.00000014 0.00000000 0.00000006 0.00000016 0.00000317 0.00000000 0.00380555 0.00000001 0.00009328 0.00001198 0.00000001 0.00000000 0.00000109 0.00003823 0.00000001
0.99836412 0.00000027 0.00000065 0.00000481 0.00000239 0.00000003 0.00000000 0.00000005 0.00000037 0.00000062 0.00000000 0.00143655 0.00000000 0.00016143 0.00000073 0.00000000 0.00000000 0.00000005 0.00002792 0.00000000
0.00000126 0.00012350 0.00007551 0.00001131 0.00012162 0.00000606 0.00094545 0.00001328 0.00000986 0.95506174 0.00000106 0.00921308 0.00351165 0.00000159 0.00001505 0.00000001 0.00000003 0.00000550 0.01585752 0.01502492
0.00000011 0.00014980 0.00001789 0.00000323 0.00000092 0.00000118 0.00014791 0.00000040 0.00000049 0.96510205 0.00000005 0.00126577 0.00032920 0.00000000 0.00000031 0.00000000 0.00000000 0.00000204 0.00024143 0.03273722
0.00000191 0.00002360 0.00003539 0.00004201 0.00000332 0.00000268 0.00017602 0.00000063 0.00000624 0.99098427 0.00000057 0.00036995 0.00280721 0.00000014 0.00000026 0.00000008 0.00000000 0.00000091 0.00134285 0.00420195
0.00000009 0.00024319 0.00008950 0.00000673 0.00000084 0.00001510 0.00023463 0.00000271 0.00000750 0.99629215 0.00000092 0.00200741 0.00025991 0.00000006 0.00000035 0.00000003 0.00000000 0.00000272 0.00007869 0.00075748
0.00000013 0.00012748 0.00052739 0.00000888 0.00000402 0.00000132 0.00116827 0.00000061 0.00000412 0.99609042 0.00000001 0.00030155 0.00104020 0.00000018 0.00000047 0.00000002 0.00000000 0.00000206 0.00045950 0.00026338
0.00000005 0.00013704 0.00020328 0.00000079 0.00000086 0.00000316 0.00006196 0.00000030 0.00000931 0.99769247 0.00000001 0.00016682 0.00001833 0.00000014 0.00000009 0.00000001 0.00000000 0.00000024 0.00161359 0.00009156
0.00000013 0.00009253 0.00006179 0.00000841 0.00002406 0.00000195 0.00125733 0.00000192 0.00001657 0.98934214 0.00000008 0.00240597 0.00521334 0.00000010 0.00000021 0.00000000 0.00000000 0.00000047 0.00038168 0.00119132
0.05688848 0.04650837 0.00192750 0.00019104 0.00042342 0.00056696 0.00173868 0.00986266 0.00021420 0.00605316 0.02349446 0.00055499 0.00042330 0.02668554 0.00118652 0.00807410 0.10909227 0.03014557 0.23850377 0.43746499
0.03381278 0.05035243 0.00304229 0.00042695 0.00044674 0.00223350 0.00063583 0.02136224 0.00052668 0.00084511 0.10102898 0.00028832 0.00047905 0.11775807 0.00336277 0.01357515 0.05634468 0.01814628 0.32699299 0.24833914
0.07589038 0.10006909 0.00045865 0.00021907 0.00048252 0.00432574 0.00212339 0.01471448 0.00053183 0.00036921 0.03056760 0.00051397 0.00017559 0.11655846 0.00241853 0.00717706 0.07419922 0.01119248 0.48529821 0.07271453
0.01574037 0.03092054 0.00225765 0.00020712 0.00077268 0.00091698 0.00224554 0.03038174 0.00031123 0.00089295 0.08788513 0.00156106 0.00110697 0.01161285 0.02376055 0.00105255 0.01222029 0.10252307 0.01630842 0.65732232
0.02627807 0.00425023 0.00076043 0.00010428 0.00091990 0.00057502 0.00016007 0.07948969 0.00025877 0.00013860 0.13421088 0.00018318 0.00011447 0.04430298 0.00671680 0.00068676 0.03859317 0.04781001 0.21329166 0.40115502
0.03333465 0.13631367 0.00229009 0.00032427 0.00379123 0.00206354 0.02220427 0.03082855 0.00063317 0.00269218 0.06245316 0.00317976 0.00257683 0.06409882 0.03686725 0.00567560 0.06957760 0.12216245 0.04984677 0.34908615
0.14102823 0.02151827 0.00144571 0.00072145 0.02018093 0.00048391 0.01123772 0.00907234 0.00048349 0.00315213 0.12524084 0.00516275 0.00323914 0.17558173 0.00509335 0.00376042 0.08464351 0.04743040 0.04293512 0.29758856
0.50997390 0.00094045 0.00018596 0.00017931 0.00034631 0.03427074 0.00000000 0.00021916 0.00016057 0.01352532 0.00000831 0.15749415 0.00000034 0.02736144 0.01603836 0.00000025 0.00003747 0.00026000 0.23899241 0.00000555
0.01067729 0.11321257 0.00652188 0.00233502 0.01500533 0.00019225 0.00057720 0.00116307 0.07077476 0.21437755 0.00000091 0.53485317 0.01839999 0.00262263 0.00738828 0.00001947 0.00029008 0.00016217 0.00141173 0.00001466
0.21826442 0.00014335 0.00064602 0.00168768 0.00129685 0.00000265 0.00000003 0.00000392 0.00066466 0.00198041 0.00001685 0.07169732 0.00000184 0.14380070 0.00224773 0.00000214 0.00000295 0.00023256 0.55730779 0.00000012
0.29740681 0.00431622 0.00009514 0.00278971 0.00059686 0.00110544 0.00000001 0.00005632 0.00095530 0.00402497 0.00000390 0.46209567 0.00000346 0.00976388 0.00092393 0.00000689 0.00002081 0.00005577 0.21577887 0.00000002
0.34898874 0.01430978 0.00080810 0.02115869 0.00067020 0.04895784 0.00000014 0.00002205 0.00073883 0.00601202 0.00001207 0.24195460 0.00005187 0.02061625 0.00373096 0.00000409 0.00000474 0.00104531 0.29091362 0.00000011
0.62057411 0.00422817 0.00056328 0.00049721 0.00033263 0.00207219 0.00000001 0.00001171 0.00019516 0.00112770 0.00000187 0.35695616 0.00000424 0.00101618 0.00261470 0.00000032 0.00000007 0.00012434 0.00967951 0.00000044
0.52108533 0.00980181 0.00042506 0.00033238 0.00014317 0.02450456 0.00000010 0.00001214 0.00066242 0.00107241 0.00000086 0.41324680 0.00000658 0.00362773 0.00030299 0.00000015 0.00000007 0.00005531 0.02472002 0.00000011
0.00179890 0.00027053 0.00006689 0.00000188 0.00001058 0.00028375 0.00000749 0.00383736 0.00001226 0.00000719 0.00061382 0.00001028 0.00000290 0.00027243 0.00004777 0.00000145 0.00146276 0.00046708 0.00649481 0.98432986
0.00012649 0.00019548 0.00001434 0.00000119 0.00000178 0.00004616 0.00000280 0.00514457 0.00000224 0.00000174 0.00206191 0.00000718 0.00000843 0.00004802 0.00019633 0.00000150 0.00034547 0.00012940 0.00058577 0.99107919
0.00563621 0.00056744 0.00007230 0.00000851 0.00005046 0.00037400 0.00009066 0.03241095 0.00013255 0.00002421 0.00497717 0.00001019 0.00002766 0.01181858 0.00127585 0.00001298 0.00601987 0.00087667 0.03411172 0.90150202
0.00002270 0.00002076 0.00002610 0.00000053 0.00000230 0.00004199 0.00000093 0.00095471 0.00000284 0.00000055 0.00091290 0.00000078 0.00000064 0.00014353 0.00014761 0.00000013 0.00013968 0.00013787 0.00107745 0.99636599
0.00006753 0.00001739 0.00000758 0.00000079 0.00000186 0.00001506 0.00000010 0.01540189 0.00000923 0.00000026 0.01204214 0.00000050 0.00000195 0.00018149 0.00015915 0.00000069 0.00016250 0.00025511 0.00092659 0.97074820
0.00616004 0.00121725 0.00067384 0.00003526 0.00020232 0.00121523 0.00029526 0.11618609 0.00017702 0.00001531 0.00986917 0.00002951 0.00019487 0.02234771 0.01270465 0.00005237 0.02853237 0.01269580 0.01248677 0.77490917
0.01749121 0.00114967 0.00061908 0.00001724 0.00091475 0.00021300 0.00211124 0.00241044 0.00016430 0.00656229 0.05254973 0.00250863 0.00061906 0.00818407 0.00178880 0.00056045 0.01883515 0.00809256 0.07885912 0.79634919
0.00048657 0.00051839 0.00500598 0.00008783 0.00008325 0.00116788 0.02052012 0.00023543 0.00007952 0.77827714 0.00002205 0.00057345 0.00121057 0.00076513 0.00037658 0.00008712 0.00000197 0.00299979 0.09279551 0.09470572
0.00034887 0.00070047 0.00022426 0.00003695 0.00004793 0.00006989 0.12050265 0.00000540 0.00030662 0.87376099 0.00000226 0.00046535 0.00108511 0.00146902 0.00000366 0.00017202 0.00000033 0.00003724 0.00043634 0.00032463
0.00017990 0.00123912 0.00040763 0.00004231 0.00001661 0.00001350 0.03598224 0.00001148 0.00022092 0.95299985 0.00001809 0.00185659 0.00123303 0.00000144 0.00000388 0.00000375 0.00000088 0.00218602 0.00050004 0.00308271
0.00016843 0.00017363 0.00015609 0.00001839 0.00003635 0.00001946 0.00068202 0.00000187 0.00011295 0.99594481 0.00000054 0.00077280 0.00073987 0.00018984 0.00000327 0.00000412 0.00000008 0.00015985 0.00024129 0.00057434
0.00026895 0.00005145 0.00275476 0.00000649 0.00000710 0.00002556 0.00049020 0.00000311 0.00004736 0.99133376 0.00000047 0.00122157 0.00022888 0.00006216 0.00000754 0.00000156 0.00000009 0.00009839 0.00027576 0.00311485
0.00009423 0.00057115 0.00670363 0.00010841 0.00000767 0.00064311 0.00724272 0.00000910 0.00148890 0.96206106 0.00000207 0.00034551 0.01624484 0.00090092 0.00000680 0.00008313 0.00000084 0.00074588 0.00057742 0.00216259
0.00032466 0.00097030 0.00028894 0.00008888 0.00000527 0.00000803 0.00147118 0.00000103 0.00006172 0.99579306 0.00000029 0.00024761 0.00047817 0.00006852 0.00000137 0.00000162 0.00000019 0.00005507 0.00007297 0.00006112
0.00000009 0.00007546 0.00010751 0.00000000 0.00000000 0.00625202 0.00000000 0.00001272 0.98840316 0.00000001 0.00013399 0.00000000 0.00000045 0.00264231 0.00000273 0.00011305 0.00208816 0.00003526 0.00009731 0.00003578
0.00000199 0.00403773 0.00098953 0.00000057 0.00000216 0.02571191 0.00844726 0.00140998 0.89948882 0.00095017 0.00000376 0.00000317 0.00008367 0.00240141 0.00013952 0.02216637 0.02066548 0.00004444 0.00891200 0.00454006
0.00033757 0.02603071 0.01006423 0.00000118 0.00000012 0.07466908 0.00004019 0.01192636 0.77658145 0.00003891 0.00869488 0.00000290 0.00001275 0.01052909 0.00032759 0.01592631 0.01478975 0.02603571 0.02305262 0.00093861
0.00000076 0.02617160 0.00013163 0.00000012 0.00000001 0.09492574 0.00000245 0.00033122 0.87014957 0.00000679 0.00006609 0.00000066 0.00001025 0.00204281 0.00002537 0.00154802 0.00259549 0.00107130 0.00085708 0.00006307
0.00000128 0.03878355 0.00071549 0.00000018 0.00000001 0.14497677 0.00000428 0.00012649 0.79672328 0.00000420 0.00009666 0.00000042 0.00001803 0.01189432 0.00002929 0.00401116 0.00161532 0.00020724 0.00052537 0.00026666
0.00000084 0.10892994 0.01137544 0.00000027 0.00000000 0.09430184 0.00001799 0.00046678 0.75106873 0.00002717 0.00002075 0.00000032 0.00001749 0.00139439 0.00007377 0.02584343 0.00556566 0.00007959 0.00075270 0.00006289
0.00000320 0.00227006 0.00102575 0.00000020 0.00000001 0.27834341 0.00000225 0.00009668 0.70105831 0.00001235 0.00013533 0.00000132 0.00000925 0.01256116 0.00000961 0.00008334 0.00210735 0.00001547 0.00191185 0.00035307
0.00404016 0.08664733 0.00798247 0.00014775 0.00018871 0.00727684 0.00008660 0.11441796 0.05350566 0.00109771 0.00030780 0.33083799 0.00018095 0.03029048 0.02718411 0.29829725 0.00174063 0.01238825 0.02307418 0.00030717
0.61801904 0.00316479 0.00743632 0.00004738 0.00324607 0.00046755 0.00141092 0.00380530 0.00512449 0.00216622 0.00040996 0.01637214 0.00330134 0.01754338 0.00065079 0.00230046 0.00086811 0.00663976 0.30694063 0.00008536
0.01585146 0.01875234 0.00657385 0.00053431 0.00135860 0.00680867 0.00099903 0.05158281 0.01365141 0.00660330 0.00043548 0.32884067 0.00215146 0.30374661 0.01456460 0.00997074 0.02215615 0.03266233 0.16267724 0.00007894
0.21225743 0.13146388 0.00048764 0.00003897 0.02359429 0.00049939 0.00000924 0.00816157 0.00225212 0.00557831 0.00033878 0.03951286 0.00126265 0.25805083 0.00155482 0.14967098 0.00172927 0.01092322 0.15260677 0.00000696
0.01575029 0.27672125 0.05354900 0.00003233 0.00041688 0.00333322 0.00011430 0.01703194 0.01017540 0.00136364 0.00227706 0.00688414 0.00452029 0.01914014 0.01582262 0.37473573 0.00844751 0.01473537 0.17486773 0.00008117
0.11156212 0.04173316 0.00471553 0.00007926 0.00089228 0.00970199 0.00005482 0.15291685 0.02242278 0.00160480 0.00502582 0.08654110 0.00131980 0.34645144 0.00416277 0.12369407 0.02325528 0.02136475 0.04245404 0.00004733
0.00227784 0.21018043 0.00207318 0.00026469 0.00114610 0.00047224 0.00016236 0.02979471 0.02008397 0.00054147 0.00020531 0.00548693 0.00199284 0.35983858 0.00664259 0.13660372 0.00272070 0.00813230 0.21130805 0.00007200
0.00001121 0.00037528 0.00153486 0.00005372 0.00002130 0.00138393 0.04529136 0.00001181 0.00120984 0.93500917 0.00000024 0.00576212 0.00420201 0.00001799 0.00000396 0.00000033 0.00000018 0.00000723 0.00293113 0.00217233
0.00000204 0.00003369 0.00002790 0.00000174 0.00002125 0.00010637 0.00184694 0.00000280 0.00022891 0.99670687 0.00000009 0.00033910 0.00020603 0.00000668 0.00000034 0.00000238 0.00000009 0.00000084 0.00010734 0.00035858
0.00000419 0.00452233 0.00006203 0.00000766 0.00001467 0.00002399 0.37815652 0.00000763 0.00014099 0.61561634 0.00000016 0.00046658 0.00085614 0.00000303 0.00000048 0.00000030 0.00000008 0.00001477 0.00001310 0.00008899
0.00000010 0.00014776 0.00016241 0.00000224 0.00000069 0.00015716 0.01596455 0.00000183 0.00074762 0.97923575 0.00000005 0.00168196 0.00177732 0.00000019 0.00000052 0.00000010 0.00000002 0.00000161 0.00001460 0.00010355
0.00000133 0.00005030 0.00005610 0.00000217 0.00000813 0.00002635 0.01654532 0.00000181 0.00026644 0.98185648 0.00000003 0.00048758 0.00021110 0.00001072 0.00000009 0.00000040 0.00000003 0.00000165 0.00003485 0.00043912
0.00000528 0.00022295 0.00043354 0.00000470 0.00000047 0.00002342 0.08355864 0.00000125 0.00052543 0.90811625 0.00000032 0.00531884 0.00157927 0.00001503 0.00000185 0.00000119 0.00000005 0.00000876 0.00002818 0.00015459
0.00000358 0.00012712 0.00016128 0.00000333 0.00001320 0.00000499 0.05271780 0.00000465 0.00022097 0.94607846 0.00000015 0.00034424 0.00013623 0.00010393 0.00000042 0.00000841 0.00000011 0.00000315 0.00003832 0.00002968
0.00430065 0.00000052 0.00075086 0.00000271 0.00624134 0.00000635 0.00000008 0.00000883 0.00000968 0.00001785 0.00000044 0.87837000 0.00000198 0.06297659 0.00107367 0.00000012 0.00003839 0.00016278 0.04601809 0.00001906
0.02041985 0.02258249 0.02546805 0.00021964 0.00526864 0.00033513 0.00001538 0.00015931 0.00050150 0.00539447 0.00000571 0.82356207 0.00207530 0.06015391 0.00848722 0.00032001 0.00037218 0.00281926 0.02053332 0.00130655
0.00336950 0.00024955 0.00336226 0.00000056 0.00041043 0.00000382 0.00000016 0.00011177 0.00000065 0.00001862 0.00000172 0.98543798 0.00000029 0.00057401 0.00174490 0.00000926 0.00037146 0.00042419 0.00388980 0.00001906
0.63795165 0.00010717 0.04684328 0.00010320 0.00297427 0.00004514 0.00000097 0.00041181 0.00008541 0.00021273 0.00000548 0.19701724 0.00000713 0.04104173 0.00996190 0.00002694 0.00095073 0.00103935 0.06118337 0.00003050
0.11483735 0.00249345 0.00144670 0.00029038 0.00105052 0.00289727 0.00000213 0.00050489 0.00042050 0.00036256 0.00000707 0.50095514 0.00003818 0.26091264 0.00279987 0.00018529 0.00185596 0.00372985 0.10517837 0.00003188
0.15842838 0.00233168 0.00111618 0.00012905 0.00199775 0.00005571 0.00000499 0.00007380 0.00026287 0.00303379 0.00000140 0.77182459 0.00001117 0.01222307 0.00065550 0.00013250 0.00009421 0.00064204 0.04695738 0.00002396
0.04398185 0.00008336 0.00367662 0.00009072 0.00057087 0.00028968 0.00000133 0.00003438 0.00014444 0.00010308 0.00000307 0.69203264 0.00000523 0.00382231 0.00060498 0.00001541 0.00130340 0.00126692 0.25196298 0.00000673
0.00001721 0.00150475 0.00274859 0.00000015 0.00000002 0.00000709 0.00000048 0.00077608 0.00009725 0.00000265 0.00030827 0.00000255 0.00000100 0.00066878 0.00123054 0.98655619 0.00273069 0.00327143 0.00006928 0.00000703
0.00001780 0.00019289 0.00034053 0.00000007 0.00000002 0.00002492 0.00000349 0.00443884 0.00020080 0.00000024 0.00023569 0.00000026 0.00000040 0.00059414 0.00002544 0.99175260 0.00173601 0.00040559 0.00002931 0.00000096
0.00000027 0.00042022 0.00001765 0.00000001 0.00000001 0.00002630 0.00000053 0.00001704 0.00005469 0.00000019 0.00006085 0.00000012 0.00000027 0.00008501 0.00000289 0.99844899 0.00064500 0.00018619 0.00003368 0.00000009
0.00000052 0.00011132 0.00032440 0.00000000 0.00000001 0.00000284 0.00000035 0.00106037 0.00001758 0.00000033 0.00007869 0.00000008 0.00000019 0.00019277 0.00000575 0.99597271 0.00180845 0.00039702 0.00002549 0.00000113
0.00000007 0.00000969 0.00009097 0.00000000 0.00000001 0.00001602 0.00000005 0.00005475 0.00002179 0.00000020 0.00000168 0.00000000 0.00000001 0.00004057 0.00000088 0.99888721 0.00081508 0.00001182 0.00004920 0.00000001
0.00000040 0.00018941 0.00018139 0.00000003 0.00000001 0.00001612 0.00000182 0.00009648 0.00018549 0.00000051 0.00000325 0.00000001 0.00000014 0.00012418 0.00000100 0.99698408 0.00193210 0.00013037 0.00015308 0.00000011
0.00000356 0.00004274 0.00004440 0.00000000 0.00000003 0.00001515 0.00000002 0.00066821 0.00005589 0.00000018 0.00005479 0.00000002 0.00000004 0.00013508 0.00000454 0.99744868 0.00138038 0.00001193 0.00013326 0.00000110
0.04493505 0.59211903 0.21400215 0.00011741 0.00016279 0.00003312 0.00003378 0.03111149 0.00897686 0.02551164 0.00043363 0.00067488 0.02074329 0.01305173 0.00166205 0.00648505 0.00026273 0.01229006 0.00564185 0.02175143
0.11605173 0.01947455 0.71206296 0.00028220 0.00001752 0.00009464 0.00001767 0.00115762 0.01816758 0.00210166 0.00010040 0.00141245 0.00027741 0.02802770 0.00459430 0.07155317 0.00002007 0.00052522 0.02123158 0.00282958
0.10717683 0.65018416 0.19520801 0.00009734 0.00005014 0.00071763 0.00000580 0.00308931 0.00075770 0.00004487 0.00088528 0.00000470 0.00003101 0.00064991 0.00091845 0.00114088 0.00027069 0.00130535 0.03695610 0.00050585
0.06248872 0.59177439 0.24521847 0.00065724 0.00001331 0.00127580 0.00001551 0.00023812 0.00245538 0.00632528 0.00011347 0.00025034 0.00858835 0.00095333 0.00110000 0.01024179 0.00021598 0.01384990 0.05362840 0.00059621
0.05636880 0.33337027 0.52246756 0.00028967 0.00003083 0.00074794 0.00001148 0.00760856 0.00100353 0.00197278 0.00082489 0.00002069 0.00235612 0.05102793 0.01761745 0.00125880 0.00015732 0.00060394 0.00139237 0.00086907
0.00108502 0.72353665 0.26419330 0.00003978 0.00000019 0.00022271 0.00014330 0.00034283 0.00210371 0.00168125 0.00002154 0.00006045 0.00124465 0.00004732 0.00008409 0.00344354 0.00002143 0.00027882 0.00124455 0.00020488
0.04183294 0.61315386 0.32487173 0.00008951 0.00002870 0.00030086 0.00000558 0.00303107 0.00044069 0.00237467 0.00009940 0.00014560 0.00038830 0.00634838 0.00152293 0.00424626 0.00007938 0.00031705 0.00055841 0.00016469
0.00594614 0.66851968 0.01706601 0.00079702 0.00048652 0.00000028 0.00003410 0.01425433 0.00029026 0.00091359 0.00001394 0.00040957 0.27623617 0.00054070 0.00145947 0.01233588 0.00000886 0.00045234 0.00007682 0.00015832
0.00008154 0.06243703 0.01830366 0.00092390 0.00001613 0.00010798 0.00172030 0.00025098 0.00540655 0.00412488 0.00000242 0.00375219 0.89664275 0.00003031 0.00073711 0.00031614 0.00000291 0.00367006 0.00003321 0.00143995
0.00754496 0.71574491 0.02448205 0.00003767 0.00002356 0.00000002 0.00019601 0.01257312 0.00028591 0.00035570 0.00042016 0.00019223 0.06689153 0.00005375 0.00014268 0.15806156 0.00004925 0.01284186 0.00000790 0.00009519
0.00013037 0.05941768 0.00056097 0.00008098 0.00000664 0.00000004 0.00002617 0.00021811 0.00001527 0.00001725 0.00000024 0.00000846 0.93934098 0.00000119 0.00007559 0.00000763 0.00000008 0.00006981 0.00000003 0.00002252
0.00244672 0.08202870 0.00054825 0.00006075 0.00016050 0.00000039 0.00000474 0.00065446 0.00007135 0.00005475 0.00000223 0.00095017 0.91239216 0.00001106 0.00028669 0.00001046 0.00000127 0.00017158 0.00000334 0.00014045
0.00004983 0.15813045 0.00319554 0.00005505 0.00001269 0.00000055 0.00002544 0.00023847 0.00031881 0.00005819 0.00000018 0.00009534 0.83753829 0.00000174 0.00008597 0.00008615 0.00000005 0.00002961 0.00000046 0.00007719
0.00028225 0.15587976 0.01258205 0.00018714 0.00003149 0.00000075 0.00002509 0.00371631 0.00159050 0.00019682 0.00001114 0.00044144 0.81315420 0.00004497 0.01021220 0.00022934 0.00000226 0.00097498 0.00001534 0.00042196
0.00000015 0.00001049 0.00002109 0.00000002 0.00000110 0.00265681 0.00000001 0.00000272 0.00000273 0.00000360 0.00000076 0.00000585 0.00000001 0.00048194 0.00000056 0.00003775 0.00002496 0.00000814 0.99673550 0.00000581
0.00000054 0.00000001 0.00000007 0.00000000 0.00000022 0.00001203 0.00000000 0.00000002 0.00000005 0.00000038 0.00000005 0.00000002 0.00000000 0.00000404 0.00000002 0.00000053 0.00000137 0.00000003 0.99998060 0.00000000
0.00000125 0.00000110 0.00000043 0.00000009 0.00000708 0.00001611 0.00000000 0.00000089 0.00000581 0.00002040 0.00000123 0.00000145 0.00000002 0.00008914 0.00000047 0.00000266 0.00008943 0.00000063 0.99976124 0.00000056
0.00000018 0.00000243 0.00000075 0.00000000 0.00000095 0.00021354 0.00000001 0.00000058 0.00000481 0.00000045 0.00000038 0.00000060 0.00000000 0.00001682 0.00000148 0.00006262 0.00015891 0.00000059 0.99953479 0.00000011
0.00000002 0.00000007 0.00000003 0.00000000 0.00000033 0.00000424 0.00000000 0.00000002 0.00000020 0.00000056 0.00000019 0.00000035 0.00000000 0.00004673 0.00000007 0.00000637 0.00001259 0.00000023 0.99992788 0.00000010
0.00000360 0.00000430 0.00001204 0.00000005 0.00001717 0.00006311 0.00000008 0.00000018 0.00000038 0.00000536 0.00000479 0.00002917 0.00000002 0.00012590 0.00000133 0.00001224 0.00024138 0.00000822 0.99947003 0.00000066
0.00000002 0.00000002 0.00000000 0.00000000 0.00000001 0.00000942 0.00000000 0.00000004 0.00000020 0.00000027 0.00000001 0.00000000 0.00000000 0.00000443 0.00000000 0.00001014 0.00000087 0.00000008 0.99997448 0.00000001
0.00000027 0.00007239 0.00000026 0.00000031 0.00000039 0.00000075 0.00002728 0.00001170 0.00000022 0.00000030 0.00000024 0.00000008 0.00003717 0.00000086 0.00000025 0.00000026 0.00000205 0.00000470 0.00001597 0.99982457
0.00000391 0.00128950 0.00003608 0.00000006 0.00000071 0.00000832 0.00171005 0.00035439 0.00005437 0.00000086 0.00000039 0.00001864 0.00018551 0.00000126 0.00007106 0.00000026 0.00001541 0.00004847 0.00004365 0.99615710
0.00001616 0.01692379 0.00016125 0.00000739 0.00010780 0.00000343 0.01342979 0.00054180 0.00006017 0.00025024 0.00000599 0.00002499 0.01021139 0.00005739 0.00009950 0.00045962 0.00034860 0.00014247 0.00029530 0.95685294
0.00000241 0.00098721 0.00015274 0.00000353 0.00002211 0.00006523 0.00285759 0.00112263 0.00053986 0.00002762 0.00000678 0.00002551 0.00039454 0.00000105 0.00005507 0.00001427 0.00001958 0.00022818 0.00018520 0.99328889
0.00000224 0.00244444 0.00001235 0.00000947 0.00042925 0.00008080 0.00140799 0.00227542 0.00016571 0.00000598 0.00005605 0.00000688 0.00367207 0.00001805 0.00009240 0.00001937 0.00005461 0.00056335 0.00133195 0.98735161
0.00000125 0.02120758 0.00024829 0.00000943 0.00006938 0.00005307 0.02475902 0.00107572 0.00307328 0.00003220 0.00000911 0.00008011 0.02654904 0.00002504 0.00042756 0.00004264 0.00006746 0.00457172 0.00038912 0.91730897
0.00000414 0.00005338 0.00000111 0.00000008 0.00076752 0.00000016 0.00857132 0.00000239 0.00001490 0.00001105 0.00000006 0.00016079 0.00023734 0.00000306 0.00000211 0.00000049 0.00002946 0.00002672 0.00001573 0.99009819
0.00000448 0.00603057 0.00016520 0.00000005 0.00000002 0.00062457 0.00000001 0.12778659 0.00005957 0.00000000 0.00055842 0.00000136 0.00000037 0.00331508 0.31829591 0.00005582 0.53111269 0.00140305 0.00000004 0.01058619
0.00000153 0.00000171 0.00000640 0.00000001 0.00000000 0.00000626 0.00000000 0.01535236 0.00000710 0.00000000 0.00214553 0.00000000 0.00000000 0.00004235 0.00035787 0.00000543 0.98206018 0.00000436 0.00000603 0.00000285
0.00016127 0.03280180 0.00285635 0.00000024 0.00000041 0.00004841 0.00000155 0.10948658 0.00086337 0.00000017 0.02557526 0.00000145 0.00002201 0.00220608 0.54880789 0.21348990 0.06172088 0.00067331 0.00000637 0.00127671
0.00000008 0.00000113 0.00005118 0.00000000 0.00000000 0.00000702 0.00000000 0.02975342 0.00000297 0.00000000 0.00039164 0.00000002 0.00000002 0.00000176 0.00139106 0.00003151 0.96810614 0.00022644 0.00000052 0.00003508
0.00000066 0.00031686 0.00077228 0.00000001 0.00000002 0.00000537 0.00000001 0.02629948 0.00000364 0.00000000 0.00114286 0.00000009 0.00000009 0.00003429 0.01870270 0.00103766 0.95047142 0.00113743 0.00000027 0.00007484
0.00000037 0.00408530 0.00487888 0.00000002 0.00000000 0.00045009 0.00000002 0.01797663 0.00007311 0.00000000 0.00002584 0.00000047 0.00000020 0.00004500 0.79440253 0.00061143 0.17678072 0.00029377 0.00001114 0.00036446
0.00030052 0.00109429 0.00053357 0.00000005 0.00000117 0.00006981 0.00000021 0.59171710 0.00002521 0.00000012 0.00289795 0.00000630 0.00000043 0.00236587 0.00227531 0.00693688 0.04562555 0.34610120 0.00000967 0.00003879
0.00000009 0.00000000 0.00000000 0.00000001 0.00000000 0.00000009 0.00000000 0.00000000 0.00000000 0.00000000 0.00000000 0.00000000 0.00000000 0.00000004 0.00000000 0.00000000 0.00000000 0.00000000 0.99999975 0.00000000
0.00000000 0.00000000 0.00000000 0.00000000 0.00000000 0.00000331 0.00000000 0.00000000 0.00000000 0.00000000 0.00000000 0.00000000 0.00000000 0.00000008 0.00000000 0.00000000 0.00000000 0.00000000 0.99999660 0.00000000
0.00000002 0.00000000 0.00000000 0.00000000 0.00000000 0.00000041 0.00000000 0.00000000 0.00000000 0.00000000 0.00000000 0.00000000 0.00000000 0.00000005 0.00000000 0.00000000 0.00000000 0.00000000 0.99999951 0.00000000
0.00000000 0.00000000 0.00000000 0.00000000 0.00000000 0.00000068 0.00000000 0.00000000 0.00000000 0.00000000 0.00000000 0.00000000 0.00000000 0.00000003 0.00000000 0.00000000 0.00000000 0.00000000 0.99999929 0.00000000
0.00000122 0.00000000 0.00000004 0.00000000 0.00000000 0.00000103 0.00000000 0.00000000 0.00000000 0.00000001 0.00000000 0.00000001 0.00000000 0.00000047 0.00000000 0.00000000 0.00000000 0.00000000 0.99999721 0.00000000
0.00000000 0.00000000 0.00000000 0.00000000 0.00000000 0.00000011 0.00000000 0.00000000 0.00000000 0.00000000 0.00000000 0.00000000 0.00000000 0.00000001 0.00000000 0.00000000 0.00000000 0.00000000 0.99999987 0.00000000
