0.25431039 0.06947901 0.00139956 0.00003965 0.00252853 0.00038741 0.03801843 0.00277481 0.00045938 0.30986038 0.01273826 0.15184718 0.00939110 0.01988012 0.01104852 0.01121804 0.00854758 0.02330329 0.05932933 0.01343904
0.20969510 0.22158324 0.00203101 0.00002223 0.00014167 0.00037749 0.00644802 0.00405160 0.00006452 0.10057613 0.06487545 0.01984408 0.00870673 0.00285369 0.00380026 0.19476187 0.00470514 0.08902837 0.06512937 0.00130402
0.04314118 0.00723835 0.00006733 0.00001576 0.00002286 0.00859658 0.00044155 0.00152171 0.00000999 0.01560968 0.03431057 0.01772676 0.00017942 0.00004778 0.00031929 0.00999177 0.00047040 0.04681442 0.81327707 0.00019752
0.45606027 0.03367646 0.00043226 0.00001678 0.00031720 0.00091808 0.00160060 0.00232046 0.00003554 0.02789543 0.03420408 0.13392346 0.00142711 0.00407383 0.00290539 0.01171562 0.00195683 0.04325214 0.24128885 0.00197960
0.46782358 0.05518640 0.00112222 0.00002774 0.00133772 0.00100574 0.00287362 0.00390242 0.00004677 0.08471623 0.01219109 0.08023350 0.00381392 0.00247147 0.00331724 0.00586942 0.00179799 0.04225552 0.22366380 0.00634360
0.23658275 0.08186627 0.00107813 0.00004051 0.00059530 0.00193716 0.03346328 0.00335741 0.00018804 0.18442997 0.01695625 0.10312945 0.00830187 0.02074103 0.00814719 0.02748372 0.00319285 0.12447374 0.13859152 0.00544356
0.50946615 0.03392069 0.00081329 0.00002249 0.00019939 0.00208922 0.00241353 0.00289334 0.00007800 0.02547454 0.00742904 0.09128152 0.00114772 0.00475364 0.00123299 0.00640544 0.00196483 0.02833451 0.27805058 0.00202907
0.00054254 0.00489248 0.00750621 0.00000000 0.00001799 0.00044250 0.00300471 0.00221687 0.00000377 0.00005422 0.00050245 0.00007255 0.00087389 0.00005708 0.06238617 0.00002280 0.00020500 0.00421078 0.00026439 0.91272359
0.00162000 0.00805678 0.00217295 0.00000002 0.00000478 0.00020357 0.00013058 0.00482328 0.00002177 0.00000559 0.00083984 0.00012745 0.00003606 0.00055813 0.58174167 0.00014319 0.00354688 0.00329699 0.00311740 0.38955308
0.00060237 0.00469789 0.00117442 0.00000001 0.00002631 0.00001082 0.00179370 0.00735928 0.00003101 0.00011115 0.00095615 0.00002741 0.00019765 0.00106046 0.16108040 0.00015452 0.00618751 0.00282989 0.00043799 0.81126105
0.00129185 0.04041782 0.00573779 0.00000001 0.00004390 0.00015639 0.00587126 0.00827667 0.00008679 0.00004351 0.00093466 0.00013908 0.00026367 0.00095240 0.39139279 0.00005462 0.00103993 0.00202061 0.00032817 0.54094808
0.00013061 0.00132279 0.00085384 0.00000000 0.00000317 0.00008842 0.00043189 0.00923572 0.00002407 0.00002168 0.00069344 0.00000705 0.00008153 0.00021369 0.05815507 0.00011253 0.00076498 0.00124487 0.00012777 0.92648688
0.00013307 0.00473318 0.00073738 0.00000000 0.00000346 0.00011755 0.00033578 0.00057666 0.00001655 0.00000251 0.00004350 0.00000302 0.00003533 0.00038955 0.88951040 0.00003729 0.00117077 0.00097220 0.00030207 0.10087971
0.16526500 0.00487027 0.00374016 0.00000031 0.00882519 0.00010477 0.01493845 0.00141797 0.00001095 0.06324982 0.00454596 0.03661485 0.00587420 0.00217917 0.01422316 0.00145802 0.00583686 0.03286820 0.01061411 0.62336257
0.01903073 0.13279224 0.00000058 0.84165019 0.00237365 0.00000000 0.00000000 0.00000934 0.00000100 0.00003684 0.00000004 0.00042780 0.00001752 0.00346621 0.00000006 0.00000252 0.00000000 0.00000026 0.00019087 0.00000015
0.01817305 0.03780106 0.00000034 0.78629362 0.11579795 0.00000459 0.00000000 0.00113354 0.00000055 0.00046088 0.00000001 0.00066480 0.00025892 0.00305692 0.00000042 0.00001380 0.00000010 0.00005139 0.03628767 0.00000039
0.00033031 0.00008728 0.00000001 0.85915284 0.13707457 0.00000000 0.00000000 0.00000035 0.00000000 0.00006254 0.00000001 0.00010966 0.00000003 0.00007873 0.00000005 0.00000015 0.00000000 0.00000001 0.00310340 0.00000006
0.00189699 0.00092386 0.00000005 0.95716217 0.03772610 0.00000013 0.00000000 0.00000882 0.00000000 0.00000874 0.00000000 0.00029699 0.00000212 0.00025847 0.00000027 0.00000018 0.00000000 0.00000008 0.00171499 0.00000003
0.00013114 0.00027032 0.00000001 0.99553555 0.00365072 0.00000002 0.00000000 0.00000093 0.00000000 0.00000373 0.00000001 0.00002049 0.00000012 0.00004217 0.00000005 0.00000008 0.00000000 0.00000001 0.00034456 0.00000009
0.00085338 0.00090837 0.00000008 0.99653045 0.00126488 0.00000009 0.00000000 0.00000526 0.00000000 0.00000450 0.00000001 0.00000735 0.00000109 0.00004247 0.00000021 0.00000040 0.00000000 0.00000017 0.00038115 0.00000012
0.00038620 0.00036207 0.00000001 0.99725884 0.00092769 0.00000000 0.00000000 0.00000200 0.00000002 0.00000271 0.00000000 0.00001624 0.00000009 0.00034683 0.00000006 0.00000126 0.00000000 0.00000000 0.00069592 0.00000005
0.02094604 0.00000774 0.00000152 0.00000109 0.97478327 0.00002895 0.00000000 0.00000186 0.00000004 0.00010316 0.00000007 0.00023751 0.00000087 0.00002864 0.00000024 0.00000000 0.00000302 0.00000023 0.00382862 0.00002713
0.03849092 0.00000825 0.00000014 0.00000000 0.94405048 0.00000477 0.00000000 0.00007062 0.00000000 0.00000419 0.00020999 0.00210295 0.00000155 0.00000964 0.00000009 0.00000001 0.00005591 0.00000601 0.01488713 0.00009736
0.00004162 0.00000002 0.00000000 0.00000001 0.99820033 0.00000001 0.00000000 0.00000001 0.00000000 0.00000015 0.00000356 0.00083533 0.00000001 0.00000010 0.00000000 0.00000000 0.00000002 0.00000000 0.00091883 0.00000000
0.00337272 0.00000468 0.00000013 0.00000041 0.97454860 0.00000202 0.00000000 0.00000252 0.00000000 0.00000129 0.00000352 0.00105668 0.00000115 0.00001209 0.00000003 0.00000001 0.00000153 0.00000001 0.02098839 0.00000421
0.00100622 0.00000094 0.00000003 0.00000004 0.99702892 0.00000020 0.00000000 0.00000127 0.00000000 0.00000643 0.00001523 0.00020381 0.00000156 0.00000654 0.00000001 0.00000000 0.00000059 0.00000002 0.00172306 0.00000512
0.06787427 0.00001073 0.00000013 0.00000841 0.85433266 0.00002139 0.00000000 0.00003075 0.00000000 0.00000645 0.00000103 0.00025498 0.00000107 0.00000480 0.00000032 0.00000001 0.00000307 0.00000006 0.07744899 0.00000089
0.00070913 0.00000021 0.00000001 0.00000003 0.99688668 0.00000005 0.00000000 0.00000022 0.00000000 0.00000018 0.00000277 0.00007759 0.00000012 0.00000164 0.00000000 0.00000007 0.00000059 0.00000000 0.00231850 0.00000219
0.00007108 0.02442192 0.02751886 0.00000004 0.00000001 0.00060891 0.00000003 0.29695419 0.00104932 0.00000460 0.00028535 0.00000014 0.00122851 0.02680051 0.00442958 0.33747363 0.02250150 0.00538450 0.03494121 0.21632612
0.00000152 0.00059797 0.00012044 0.00000171 0.00000000 0.00000017 0.00000013 0.07878945 0.00004579 0.00000091 0.00008663 0.00000032 0.00006389 0.00321739 0.00003308 0.43996070 0.00055782 0.00061708 0.00003439 0.47587060
0.00007820 0.01051562 0.00994999 0.00000005 0.00000001 0.00006913 0.00000000 0.41442075 0.00001923 0.00000165 0.00011182 0.00000039 0.00003885 0.05611535 0.01850573 0.37879898 0.05055537 0.00156840 0.00064796 0.05860254
0.00002320 0.00386787 0.01295546 0.00000011 0.00000001 0.00011573 0.00000000 0.13886546 0.00017850 0.00000085 0.00002136 0.00000074 0.00014756 0.03979363 0.00268245 0.27930362 0.00109502 0.00117215 0.00041994 0.51935634
0.00000421 0.00187709 0.00066884 0.00000003 0.00000000 0.00002669 0.00000001 0.27302385 0.00018410 0.00000024 0.00007662 0.00000007 0.00016705 0.00534310 0.00035645 0.64717709 0.00512265 0.00118672 0.00007827 0.06470692
0.00004323 0.03706784 0.01580714 0.00000219 0.00000001 0.00005470 0.00000007 0.15770699 0.03497329 0.00001360 0.00003958 0.00000314 0.00071894 0.08050372 0.00092036 0.57882184 0.00153477 0.00224822 0.00123784 0.08830255
0.00003080 0.00718638 0.00065453 0.00000006 0.00000000 0.00001807 0.00000000 0.72136324 0.00000623 0.00000040 0.00046846 0.00000016 0.00004173 0.00660990 0.00373470 0.18853433 0.04090296 0.00410594 0.00009616 0.02624596
0.00014361 0.00154828 0.00134096 0.00000000 0.00000003 0.88592142 0.00000000 0.00294325 0.00052035 0.00000043 0.00006243 0.00000014 0.00019455 0.00203496 0.00005800 0.00059665 0.00046378 0.00006972 0.09986958 0.00423188
0.00000567 0.00082555 0.00001409 0.00000000 0.00000000 0.86905224 0.00000001 0.00546932 0.00000663 0.00000004 0.00000067 0.00000039 0.00028351 0.00351027 0.00015681 0.07734349 0.00154164 0.00017916 0.04160890 0.00000161
0.00027243 0.00114848 0.00105605 0.00000000 0.00000000 0.84261408 0.00000000 0.01956623 0.00188874 0.00000128 0.00336586 0.00000038 0.00036264 0.03554025 0.00012082 0.01202397 0.02448934 0.00132446 0.05479170 0.00143329
0.00145718 0.01701645 0.00162292 0.00000000 0.00000004 0.72570647 0.00000000 0.03182459 0.00694723 0.00000660 0.00023756 0.00001173 0.00056130 0.02303376 0.00100690 0.00844738 0.05261150 0.00330334 0.12531219 0.00089286
0.00000840 0.00003163 0.00001152 0.00000000 0.00000000 0.97591431 0.00000000 0.00016844 0.00006590 0.00000001 0.00000026 0.00000001 0.00000439 0.00001718 0.00000508 0.00000726 0.00016359 0.00000335 0.02358025 0.00001842
0.00002408 0.00014031 0.00010470 0.00000000 0.00000000 0.93566863 0.00000000 0.00087381 0.00119352 0.00000018 0.00000708 0.00000005 0.00009547 0.00157706 0.00006405 0.00545856 0.00080080 0.00001489 0.05393212 0.00004470
0.00000385 0.00001497 0.00002476 0.00000000 0.00000001 0.98888236 0.00000000 0.00052429 0.00039352 0.00000003 0.00000058 0.00000002 0.00000819 0.00271319 0.00001373 0.00017948 0.00005320 0.00000086 0.00714661 0.00004036
0.00638133 0.04308283 0.00005412 0.00023693 0.00720813 0.00000001 0.00000042 0.00016203 0.00000001 0.00042164 0.00000008 0.93479074 0.00167780 0.00020806 0.00514831 0.00002296 0.00000127 0.00049929 0.00007903 0.00002500
0.05555283 0.58978979 0.01050747 0.00010016 0.00010162 0.00000221 0.00000015 0.01862852 0.00000075 0.00073854 0.00000723 0.23814899 0.03188916 0.00001515 0.03220539 0.00026164 0.00000087 0.02103048 0.00055590 0.00046313
0.01445761 0.04024757 0.00704231 0.00205685 0.00002277 0.00001122 0.00000055 0.00763695 0.00001394 0.02928628 0.00001136 0.29451761 0.17553271 0.00013829 0.00269438 0.00133346 0.00000083 0.42278569 0.00115611 0.00105350
0.00403662 0.03930444 0.00036364 0.00018356 0.00006331 0.00000256 0.00000002 0.00089291 0.00000182 0.00839338 0.00000012 0.91721634 0.00747714 0.00004756 0.01239685 0.00001124 0.00000015 0.00739192 0.00217933 0.00003711
0.02362163 0.48926241 0.00063467 0.00077383 0.00067267 0.00000002 0.00000146 0.00292935 0.00000287 0.00032941 0.00000003 0.43131014 0.00425422 0.00023838 0.00839020 0.00330526 0.00000289 0.03354313 0.00047305 0.00025437
0.01045078 0.30931847 0.00206518 0.00061807 0.00000561 0.00000026 0.00000013 0.00160722 0.00001043 0.01366760 0.00000003 0.55864698 0.02608004 0.00004671 0.05735396 0.00032415 0.00000012 0.01831657 0.00080488 0.00068281
0.19615908 0.04669607 0.00129903 0.00095925 0.00075290 0.00000176 0.00000002 0.01261546 0.00000212 0.00665578 0.00002985 0.57687648 0.08251216 0.00098798 0.03524107 0.00476834 0.00003787 0.02942143 0.00383259 0.00115076
0.00071857 0.00086256 0.00000903 0.00000008 0.00000002 0.00000039 0.00000000 0.00001253 0.99782421 0.00000002 0.00006133 0.00000007 0.00001949 0.00040679 0.00001644 0.00001101 0.00000863 0.00000006 0.00004237 0.00000641
0.00000310 0.00669585 0.00094298 0.00000000 0.00000031 0.00019765 0.00401562 0.00103630 0.05898870 0.00995176 0.00000005 0.00020674 0.20843699 0.00022269 0.00015637 0.00022227 0.01009403 0.00004110 0.00022863 0.69855886
0.03428699 0.12998666 0.00012650 0.00003729 0.00001316 0.00000187 0.00000006 0.26532835 0.49309444 0.00083646 0.00011186 0.00006010 0.00002687 0.03682558 0.00814107 0.00852928 0.00090455 0.00035457 0.02078811 0.00054621
0.00662151 0.01777724 0.00025329 0.00000802 0.00000098 0.00000824 0.00000025 0.02399951 0.75047279 0.00007915 0.00024099 0.00005567 0.00069107 0.18608192 0.00269089 0.00372707 0.00170288 0.00011395 0.00159258 0.00388199
0.00202567 0.00358912 0.00001168 0.00000042 0.00000051 0.00002250 0.00000004 0.00090011 0.99006964 0.00002344 0.00002369 0.00000897 0.00020144 0.00103260 0.00008702 0.00003721 0.00036155 0.00000850 0.00017455 0.00142136
0.00372968 0.02694331 0.00000903 0.00000707 0.00000149 0.00001557 0.00000036 0.04704533 0.88871605 0.00000590 0.00015373 0.00009103 0.00013470 0.01508422 0.00120050 0.00027953 0.00235947 0.00000143 0.01396866 0.00025296
0.00050584 0.00900964 0.00011027 0.00000080 0.00000018 0.00003176 0.00000005 0.00264243 0.97575582 0.00011330 0.00000041 0.00000906 0.00025665 0.00494223 0.00075860 0.00065364 0.00022667 0.00002330 0.00387422 0.00108510
0.00001009 0.52529458 0.00000214 0.00002964 0.00017597 0.00004400 0.00000054 0.03428020 0.00005921 0.00074223 0.00000726 0.00206687 0.00189544 0.00764453 0.00265271 0.11760075 0.08874216 0.00752793 0.21113998 0.00008376
0.00003621 0.06967216 0.00002108 0.00000102 0.00000547 0.00006977 0.00005750 0.04007569 0.00004415 0.00049122 0.00265694 0.00045228 0.01599307 0.00405631 0.00301376 0.57548790 0.20114868 0.08067698 0.00321399 0.00282583
0.00009097 0.69662076 0.00014404 0.00005277 0.00001366 0.00003685 0.00145815 0.11439285 0.00013109 0.00105803 0.00241829 0.00845468 0.00347123 0.00445976 0.02332640 0.04913782 0.01347141 0.06955476 0.00470161 0.00700490
0.00006164 0.56498485 0.00003661 0.00024350 0.00109509 0.00001996 0.00023241 0.03310909 0.00039248 0.04217774 0.00016018 0.09423094 0.00854806 0.03025788 0.01425457 0.05361085 0.02388607 0.05978578 0.06980592 0.00310637
0.00011524 0.58452622 0.00003103 0.00002656 0.00034674 0.00001384 0.00054134 0.02432977 0.00012190 0.00127491 0.00009193 0.03475002 0.01176524 0.01093555 0.00542178 0.09018473 0.14565663 0.01215342 0.07647008 0.00124305
0.00000483 0.08187746 0.00001658 0.00000853 0.00000933 0.00013480 0.00001002 0.02069924 0.00005401 0.00032380 0.00059162 0.00014048 0.00326504 0.02733252 0.00008226 0.74720259 0.07057028 0.03469243 0.01286081 0.00012339
0.00000099 0.24486326 0.00003612 0.00004641 0.00000042 0.00014843 0.00026925 0.05206763 0.00010199 0.00122101 0.00014913 0.00026035 0.00166948 0.01566405 0.00253296 0.63273726 0.02002234 0.02182999 0.00568568 0.00069327
0.92572639 0.00010852 0.00000055 0.00000068 0.00002808 0.00000004 0.00000000 0.00000254 0.00000518 0.00000257 0.00000000 0.00563946 0.00000002 0.06363614 0.00002932 0.00000002 0.00000000 0.00000011 0.00481859 0.00000181
0.99797564 0.00002272 0.00001688 0.00000000 0.00001082 0.00000009 0.00000000 0.00000070 0.00000933 0.00003471 0.00000001 0.00122133 0.00000070 0.00065833 0.00000520 0.00000013 0.00000000 0.00000119 0.00004216 0.00000005
0.35932483 0.00000977 0.00000058 0.00000011 0.00000359 0.00000001 0.00000000 0.00000383 0.00000013 0.00000031 0.00000000 0.63992336 0.00000002 0.00047079 0.00000051 0.00000000 0.00000000 0.00000081 0.00026135 0.00000001
0.99717576 0.00003693 0.00000075 0.00000044 0.00002668 0.00000002 0.00000000 0.00000059 0.00000061 0.00000108 0.00000000 0.00065139 0.00000003 0.00194611 0.00000631 0.00000000 0.00000000 0.00000009 0.00015310 0.00000010
0.97376324 0.00001155 0.00000137 0.00000052 0.00002353 0.00000060 0.00000000 0.00000553 0.00000131 0.00000517 0.00000000 0.02083608 0.00000003 0.00452383 0.00000320 0.00000002 0.00000000 0.00000095 0.00082253 0.00000052
0.97115032 0.00008798 0.00000547 0.00000160 0.00019264 0.00000004 0.00000000 0.00000184 0.00000094 0.00000752 0.00000000 0.01323207 0.00000011 0.01472169 0.00000735 0.00000001 0.00000000 0.00000200 0.00058810 0.00000031
0.83924503 0.00019993 0.00000056 0.00000170 0.00001459 0.00000002 0.00000000 0.00001760 0.00001344 0.00000256 0.00000000 0.11421294 0.00000005 0.04519523 0.00001690 0.00000005 0.00000001 0.00000013 0.00107919 0.00000005
0.00000044 0.00044265 0.00003492 0.00000001 0.00000917 0.00002277 0.00005662 0.00001602 0.00000005 0.95001919 0.00000010 0.03204914 0.00086642 0.00000012 0.00011166 0.00000001 0.00000000 0.00000424 0.00067431 0.01569217
0.00000000 0.00003317 0.00001167 0.00000001 0.00000001 0.00000057 0.00000052 0.00000032 0.00000003 0.99819243 0.00000000 0.00004094 0.00000962 0.00000000 0.00000023 0.00000000 0.00000000 0.00000010 0.00028447 0.00142592
0.00000038 0.00048691 0.00000798 0.00001036 0.00000067 0.00000200 0.00002416 0.00001029 0.00000070 0.99508947 0.00000021 0.00023968 0.00264260 0.00000003 0.00000186 0.00000004 0.00000000 0.00000132 0.00052642 0.00095494
0.00000049 0.00126354 0.00013070 0.00000036 0.00000031 0.00001049 0.00001985 0.00002903 0.00000325 0.98668118 0.00000082 0.00296740 0.00447395 0.00000005 0.00000822 0.00000009 0.00000000 0.00000911 0.00269674 0.00170441
0.00000007 0.00005938 0.00003164 0.00000012 0.00000010 0.00000028 0.00001768 0.00000185 0.00000041 0.99867550 0.00000000 0.00005245 0.00044351 0.00000000 0.00000024 0.00000000 0.00000000 0.00000074 0.00017556 0.00054047
0.00000005 0.00004166 0.00001141 0.00000004 0.00000004 0.00000045 0.00000051 0.00000086 0.00000259 0.99666884 0.00000000 0.00003023 0.00003175 0.00000002 0.00000009 0.00000001 0.00000000 0.00000028 0.00306157 0.00014960
0.00000004 0.00017926 0.00000417 0.00000036 0.00000172 0.00000090 0.00000471 0.00000064 0.00000033 0.99666203 0.00000001 0.00064860 0.00052071 0.00000000 0.00000090 0.00000000 0.00000000 0.00000006 0.00002259 0.00195297
0.09259298 0.03380598 0.00519482 0.00000152 0.00013382 0.00055582 0.00020507 0.02450003 0.00021750 0.00050415 0.03063124 0.00841315 0.00052416 0.11872743 0.01463690 0.01608899 0.20105775 0.03662722 0.09606823 0.31951324
0.01943638 0.03062364 0.00103633 0.00000585 0.00014654 0.00067841 0.00006919 0.03031189 0.00037886 0.00010477 0.18323039 0.00113878 0.00025298 0.14535018 0.01490300 0.04281038 0.18910504 0.02259320 0.25526365 0.06256054
0.02812628 0.02243034 0.00269142 0.00000081 0.00012048 0.00068692 0.00038025 0.02649172 0.00064442 0.00037072 0.06598009 0.00199922 0.00049142 0.25461338 0.01282428 0.04478892 0.23376755 0.04765678 0.17253940 0.08339559
0.02504632 0.06150333 0.00397236 0.00000748 0.00032656 0.00093591 0.00081452 0.04394687 0.00036561 0.00115811 0.03681548 0.00262288 0.00101985 0.04413105 0.09053016 0.00710569 0.09518288 0.02691829 0.05103393 0.50656273
0.02373639 0.01023435 0.00309287 0.00000040 0.00003403 0.00582682 0.00002989 0.06723308 0.00130303 0.00004889 0.09301577 0.00024016 0.00010381 0.12942381 0.01909617 0.01694085 0.24110075 0.01466006 0.21066637 0.16321249
0.02915812 0.07604449 0.00326084 0.00001954 0.00128007 0.00052282 0.01182219 0.01184278 0.00023167 0.00159736 0.03255584 0.00422876 0.00283286 0.14835508 0.11556829 0.01788519 0.18552876 0.08462809 0.04291944 0.22971781
0.07229367 0.02642053 0.00278954 0.00002946 0.00834199 0.00032978 0.00065926 0.02341349 0.00022344 0.00217009 0.02939832 0.00857153 0.00570040 0.23112808 0.00536782 0.02416156 0.21176355 0.07695092 0.07402114 0.19626544
0.02528889 0.00083818 0.00000246 0.00000002 0.00000314 0.33084532 0.00000000 0.00007956 0.00007383 0.00123565 0.00000025 0.43769278 0.00000003 0.00019142 0.07925588 0.00000039 0.00001255 0.00002239 0.12444383 0.00001342
0.00186912 0.01535450 0.00029912 0.00001849 0.00036554 0.00000495 0.00000301 0.00041095 0.04142876 0.05978726 0.00000001 0.87262427 0.00633504 0.00033046 0.00062398 0.00004243 0.00000289 0.00002148 0.00047056 0.00000718
0.50412423 0.00462754 0.00002670 0.00002494 0.00009042 0.00000376 0.00000000 0.00009111 0.00005871 0.00020350 0.00000047 0.37066389 0.00000017 0.00886839 0.00161147 0.00000607 0.00000059 0.00000799 0.10958900 0.00000107
0.01985365 0.00067451 0.00000072 0.00000158 0.00002950 0.00002975 0.00000000 0.00006397 0.00018507 0.00060991 0.00000018 0.92331226 0.00000008 0.00335147 0.00092698 0.00000334 0.00000156 0.00000315 0.05095197 0.00000032
0.01127123 0.00466255 0.00000413 0.00000160 0.00000671 0.00039944 0.00000000 0.00002186 0.00002238 0.00047032 0.00000057 0.77596284 0.00000116 0.00249489 0.00111384 0.00000575 0.00000089 0.00003573 0.20352092 0.00000320
0.19335956 0.00164684 0.00000587 0.00000038 0.00002873 0.00045352 0.00000000 0.00000787 0.00001001 0.00006524 0.00000009 0.78655535 0.00000180 0.00015963 0.00116265 0.00000024 0.00000016 0.00002137 0.01650754 0.00001314
0.08280321 0.00189859 0.00001802 0.00000064 0.00004314 0.01050239 0.00000000 0.00002882 0.00003935 0.00023695 0.00000023 0.83366719 0.00000236 0.00022493 0.00064490 0.00000045 0.00000073 0.00002055 0.06986523 0.00000233
0.01277165 0.00094674 0.00083822 0.00000003 0.00001541 0.00121376 0.00000050 0.04504820 0.00005150 0.00000160 0.00116179 0.00055484 0.00001566 0.00806335 0.00083024 0.00002708 0.00830365 0.00062121 0.05375935 0.86577522
0.00149919 0.00360806 0.00006519 0.00000026 0.00001077 0.00016806 0.00000711 0.08696519 0.00006461 0.00000040 0.00779676 0.00017786 0.00002908 0.00192022 0.01629346 0.00015155 0.01676468 0.00023651 0.02042982 0.84381124
0.01321688 0.00208467 0.00041877 0.00000020 0.00003714 0.00042521 0.00002011 0.11045938 0.00014542 0.00000487 0.00640426 0.00051171 0.00005000 0.18524352 0.01239426 0.00039777 0.03474699 0.00222001 0.18378881 0.44743001
0.00120068 0.00077321 0.00017589 0.00000007 0.00000634 0.00337189 0.00000134 0.11961364 0.00004541 0.00000081 0.00098093 0.00003931 0.00000633 0.00342738 0.01183857 0.00001708 0.00997101 0.00036354 0.03573120 0.81243538
0.00370610 0.00034457 0.00016898 0.00000009 0.00000552 0.00140048 0.00000021 0.29305605 0.00022472 0.00000052 0.02157422 0.00002058 0.00000472 0.00868124 0.00352947 0.00015948 0.02135878 0.00048957 0.04462712 0.60064758
0.01168598 0.00522316 0.00137480 0.00000449 0.00060660 0.00326302 0.00005082 0.24938151 0.00013132 0.00000363 0.00385290 0.00010141 0.00032728 0.04030469 0.08809204 0.00014160 0.18897022 0.01391891 0.09127285 0.30129277
0.02381813 0.00729148 0.00518490 0.00000120 0.00065026 0.00040057 0.00010805 0.02513635 0.00007026 0.00110797 0.00996990 0.01381398 0.00153061 0.01547874 0.00059414 0.00339891 0.08392735 0.01414238 0.10215980 0.69121500
0.00174180 0.00297526 0.01227151 0.00000007 0.00000787 0.00114101 0.00076953 0.00024087 0.00012184 0.68479102 0.00000097 0.00045985 0.00361142 0.00007645 0.00151678 0.00014237 0.00000140 0.00739627 0.04232354 0.24041018
0.00001798 0.00009864 0.00002870 0.00000030 0.00000059 0.00000106 0.00330280 0.00000246 0.00000523 0.99625784 0.00000009 0.00008966 0.00005622 0.00001337 0.00000032 0.00002238 0.00000001 0.00000414 0.00002443 0.00007380
0.00000408 0.00006583 0.00000996 0.00000007 0.00000026 0.00000090 0.00002484 0.00000138 0.00000400 0.99903965 0.00000005 0.00026913 0.00002215 0.00000012 0.00000030 0.00000015 0.00000000 0.00003679 0.00002288 0.00049747
0.00004620 0.00018342 0.00004764 0.00000018 0.00000203 0.00000929 0.00002103 0.00000388 0.00001248 0.99763707 0.00000015 0.00011164 0.00009653 0.00001515 0.00000199 0.00000500 0.00000002 0.00003428 0.00031665 0.00145538
0.00023725 0.00022183 0.00056941 0.00000003 0.00000056 0.00010659 0.00015895 0.00002058 0.00001600 0.98061857 0.00000020 0.00055180 0.00026157 0.00001200 0.00002855 0.00000246 0.00000020 0.00042634 0.00035777 0.01640932
0.00010518 0.00375027 0.00157976 0.00000350 0.00000179 0.00086848 0.00323958 0.00008736 0.00111018 0.84539512 0.00000120 0.00052459 0.00807558 0.00020729 0.00003451 0.00052920 0.00000111 0.00304826 0.00087923 0.13055780
0.00014750 0.00032223 0.00014648 0.00000144 0.00000103 0.00000115 0.00039317 0.00000443 0.00001721 0.99682911 0.00000027 0.00034798 0.00026433 0.00001286 0.00000122 0.00001341 0.00000002 0.00021769 0.00022294 0.00105552
0.00000000 0.00001058 0.00003104 0.00000000 0.00000000 0.00324011 0.00000000 0.00000635 0.99528794 0.00000000 0.00001513 0.00000000 0.00000010 0.00019123 0.00000001 0.00001093 0.00118685 0.00000543 0.00000845 0.00000584
0.00000002 0.00043611 0.00015672 0.00000000 0.00000000 0.02167091 0.00002906 0.00045994 0.77988578 0.00001148 0.00000022 0.00000004 0.00002179 0.00051752 0.00001244 0.00219354 0.03925793 0.00005736 0.00194924 0.15333990
0.00000934 0.01997117 0.00056327 0.00000000 0.00000000 0.01559536 0.00000002 0.00677131 0.92112373 0.00000041 0.00094182 0.00000041 0.00000686 0.00210757 0.00007729 0.00390101 0.01050207 0.00420781 0.01410716 0.00011337
0.00000002 0.00036264 0.00006092 0.00000000 0.00000000 0.01588278 0.00000000 0.00041778 0.95107781 0.00000006 0.00001820 0.00000001 0.00000316 0.00017428 0.00000212 0.00019168 0.03055386 0.00027370 0.00089523 0.00008574
0.00000004 0.00114295 0.00010479 0.00000000 0.00000000 0.00198010 0.00000000 0.00044801 0.97148125 0.00000001 0.00005376 0.00000000 0.00000243 0.00130368 0.00000178 0.00165009 0.02103025 0.00028334 0.00028223 0.00023529
0.00000009 0.02689043 0.00168487 0.00000000 0.00000000 0.00411896 0.00000003 0.00174894 0.93339237 0.00000004 0.00000197 0.00000000 0.00000278 0.00011379 0.00003521 0.00789371 0.02338182 0.00014047 0.00054104 0.00005349
0.00000043 0.00061953 0.00006315 0.00000000 0.00000000 0.04218789 0.00000000 0.00065463 0.93592141 0.00000007 0.00001248 0.00000013 0.00000307 0.00056268 0.00000169 0.00021406 0.01488018 0.00005296 0.00436069 0.00046495
0.00148271 0.34324337 0.01647271 0.00000000 0.00000147 0.00035041 0.00000153 0.05675346 0.00703496 0.00007238 0.00000217 0.01650405 0.00203278 0.03525519 0.01300003 0.40324111 0.00692670 0.00585706 0.09171053 0.00005739
0.01069618 0.00858784 0.00319633 0.00000005 0.00016007 0.00016316 0.00015814 0.03005102 0.02550947 0.00014935 0.00002329 0.06233987 0.00694411 0.05875674 0.00448572 0.03249354 0.00417651 0.00282624 0.74895159 0.00033080
0.00192407 0.04834320 0.00085782 0.00000000 0.00000800 0.00006228 0.00001890 0.07993828 0.00721618 0.00025682 0.00000077 0.19155296 0.00021187 0.17716345 0.00979060 0.03367137 0.01542499 0.00344334 0.43004789 0.00006722
0.02708539 0.14455280 0.00207241 0.00000000 0.00003443 0.00007862 0.00000432 0.09981579 0.00607903 0.00038500 0.00000390 0.11002459 0.00249827 0.03701541 0.00218762 0.11401459 0.00470494 0.01649841 0.43291880 0.00002569
0.00258454 0.46898711 0.00744236 0.00000001 0.00000329 0.00038735 0.00002175 0.06692405 0.02147691 0.00012168 0.00003365 0.00705246 0.00143767 0.07517432 0.01415719 0.05018894 0.01425102 0.03137761 0.23825229 0.00012581
0.04648503 0.03199755 0.00874724 0.00000001 0.00000169 0.00058106 0.00000164 0.09616680 0.01786265 0.00135491 0.00010451 0.09355826 0.00136125 0.30224250 0.00345696 0.05453016 0.03545094 0.01245565 0.29343071 0.00021050
0.00277924 0.13481793 0.00145816 0.00000001 0.00003149 0.00040757 0.00003538 0.10450671 0.00907257 0.00014224 0.00000349 0.08942137 0.00105822 0.38148863 0.01041495 0.06309336 0.00676461 0.00699935 0.18714960 0.00035512
0.00000253 0.00043722 0.00178190 0.00000002 0.00000003 0.00072139 0.00056422 0.00001373 0.00016723 0.99523400 0.00000000 0.00003756 0.00027224 0.00000095 0.00000029 0.00000010 0.00000020 0.00000239 0.00053122 0.00023278
0.00000047 0.00003204 0.00001155 0.00000026 0.00000126 0.00002770 0.00249799 0.00000211 0.00000828 0.99685345 0.00000000 0.00005439 0.00002939 0.00000042 0.00000010 0.00000022 0.00000002 0.00000368 0.00001926 0.00045740
0.00000064 0.00248527 0.00003021 0.00000010 0.00000018 0.00000826 0.00743809 0.00000554 0.00005962 0.98932914 0.00000001 0.00029389 0.00011728 0.00000020 0.00000018 0.00000002 0.00000014 0.00000126 0.00004372 0.00018625
0.00000004 0.00058630 0.00006139 0.00000008 0.00000001 0.00042286 0.01663027 0.00000513 0.00018011 0.98155198 0.00000000 0.00008429 0.00029842 0.00000001 0.00000026 0.00000001 0.00000004 0.00000203 0.00002202 0.00015474
0.00000111 0.00017746 0.00020994 0.00000010 0.00000011 0.00004692 0.00045171 0.00000420 0.00009361 0.99825403 0.00000000 0.00008364 0.00013879 0.00000064 0.00000008 0.00000005 0.00000013 0.00000116 0.00009444 0.00044188
0.00016262 0.01806476 0.00641818 0.00000173 0.00000014 0.00054322 0.10660871 0.00013003 0.00093486 0.81655541 0.00000003 0.04202310 0.00698819 0.00000305 0.00002937 0.00000155 0.00000023 0.00004494 0.00036578 0.00112409
0.00000469 0.00088075 0.00010846 0.00000010 0.00000010 0.00000258 0.00313966 0.00000810 0.00001041 0.99533702 0.00000009 0.00015586 0.00008433 0.00000307 0.00000014 0.00000103 0.00000012 0.00000626 0.00007125 0.00018596
0.00634589 0.00001484 0.00032335 0.00000000 0.00134098 0.00000253 0.00000000 0.00002076 0.00000079 0.00008123 0.00000001 0.76840304 0.00000085 0.16090211 0.00014232 0.00000408 0.00014567 0.00003698 0.06221910 0.00001548
0.01868177 0.01851803 0.01030067 0.00000079 0.00020352 0.00018898 0.00002137 0.00081087 0.00011014 0.00544509 0.00000169 0.87954246 0.00651225 0.03948178 0.00339820 0.00483236 0.00150907 0.00405468 0.00538486 0.00100142
0.04549710 0.00245093 0.00791249 0.00000000 0.00032506 0.00000480 0.00000081 0.00709566 0.00000274 0.00006726 0.00000555 0.54301843 0.00000433 0.31104611 0.02039854 0.00367355 0.00333331 0.00799504 0.04704508 0.00012322
0.24903513 0.00128765 0.01075119 0.00000003 0.00053520 0.00000680 0.00000009 0.00200232 0.00005693 0.00064819 0.00000089 0.29784245 0.00001001 0.25152890 0.01464406 0.00016866 0.00354285 0.00044020 0.16732849 0.00016996
0.00363308 0.00474913 0.00174248 0.00000002 0.00022662 0.00008334 0.00000070 0.00206884 0.00004172 0.00018363 0.00000017 0.61327212 0.00002831 0.31167675 0.00649501 0.00073457 0.00400829 0.00242141 0.04828562 0.00034817
0.02143252 0.00238028 0.00056286 0.00000003 0.00022381 0.00000104 0.00000813 0.00032818 0.00004411 0.00257356 0.00000008 0.90377580 0.00001781 0.04517833 0.00035498 0.00021054 0.00020134 0.00132140 0.02111706 0.00026814
0.00352759 0.00021693 0.00110504 0.00000000 0.00016099 0.00000347 0.00000004 0.00031647 0.00000598 0.00003379 0.00000024 0.86083791 0.00000311 0.04510091 0.00042001 0.00016206 0.00113397 0.00122111 0.08573875 0.00001162
0.00000379 0.00387903 0.00241312 0.00000000 0.00000000 0.00000273 0.00000000 0.00145453 0.00001703 0.00000055 0.00038998 0.00000058 0.00000104 0.00085943 0.00320680 0.98249462 0.00190827 0.00306330 0.00030131 0.00000389
0.00000238 0.00022614 0.00020093 0.00000000 0.00000000 0.00003130 0.00000011 0.00113370 0.00008546 0.00000002 0.00012353 0.00000002 0.00000012 0.01363110 0.00004825 0.98369029 0.00067710 0.00007896 0.00007044 0.00000015
0.00000210 0.00164066 0.00062102 0.00000000 0.00000000 0.00019116 0.00000002 0.00094378 0.00007880 0.00000009 0.00005270 0.00000010 0.00000171 0.00058786 0.00013047 0.99170459 0.00214026 0.00182921 0.00007414 0.00000133
0.00000047 0.00083873 0.00021035 0.00000000 0.00000000 0.00000546 0.00000001 0.00062880 0.00002356 0.00000010 0.00009854 0.00000005 0.00000014 0.00101816 0.00009937 0.99594966 0.00056810 0.00051367 0.00004368 0.00000114
0.00000061 0.00044038 0.00052406 0.00000000 0.00000000 0.00005443 0.00000001 0.00037909 0.00006671 0.00000016 0.00002185 0.00000006 0.00000006 0.00054398 0.00005636 0.99481029 0.00210528 0.00008093 0.00091516 0.00000060
0.00000334 0.00680376 0.00383998 0.00000000 0.00000000 0.00028523 0.00000047 0.00052617 0.00374554 0.00000755 0.00003106 0.00000017 0.00000966 0.00378017 0.00010445 0.97442325 0.00582895 0.00021938 0.00038603 0.00000485
0.00007685 0.00549130 0.00041355 0.00000000 0.00000000 0.00010429 0.00000001 0.00709531 0.00044916 0.00000082 0.00084770 0.00000894 0.00000657 0.00291505 0.00038239 0.96122928 0.00896211 0.00075781 0.01125218 0.00000669
0.02487618 0.32381842 0.13551584 0.00000002 0.00000151 0.00000096 0.00000368 0.04527900 0.00032262 0.02076108 0.00285019 0.00550410 0.04060099 0.00185949 0.00105522 0.01166135 0.00015416 0.37558794 0.00235365 0.00779361
0.00755745 0.05222180 0.04800869 0.00000072 0.00000014 0.00001406 0.00000045 0.00389362 0.00462743 0.00587811 0.00001546 0.00075279 0.00047710 0.18225101 0.02035311 0.66111936 0.00001042 0.00139216 0.00617786 0.00524826
0.04582655 0.73211373 0.08062333 0.00000044 0.00000189 0.00032289 0.00000146 0.02171748 0.00001414 0.00006148 0.00014356 0.00004400 0.00017934 0.00104916 0.00574097 0.00232591 0.00018991 0.00727159 0.10177386 0.00059831
0.02863001 0.53772645 0.21266726 0.00000014 0.00000019 0.00050578 0.00000338 0.00674146 0.00083520 0.00362134 0.00009816 0.00063043 0.01144306 0.00170494 0.00420266 0.00993948 0.00014748 0.04329684 0.12984504 0.00796072
0.01893772 0.62075774 0.16234208 0.00000012 0.00000071 0.00002802 0.00000190 0.07250211 0.00056152 0.00276488 0.00337979 0.00017772 0.00336511 0.01708476 0.05472664 0.01622568 0.00045962 0.00658367 0.01029476 0.00980545
0.00154153 0.89234532 0.02817293 0.00000007 0.00000000 0.00001257 0.00000332 0.01274603 0.00051037 0.00039964 0.00005141 0.00024611 0.00128017 0.00008516 0.00115351 0.01731552 0.00009704 0.02525709 0.01339319 0.00538902
0.11238715 0.64700712 0.12529923 0.00000012 0.00000140 0.00011731 0.00000479 0.01911137 0.00131414 0.00089274 0.00162978 0.00205959 0.00805698 0.00543360 0.00407430 0.00425257 0.00026446 0.04655194 0.01644420 0.00509722
0.00284677 0.07105346 0.00326608 0.00000456 0.00000169 0.00000000 0.00001703 0.00096616 0.00000671 0.00000649 0.00000034 0.00059586 0.91443873 0.00008675 0.00248863 0.00096653 0.00000212 0.00313970 0.00002685 0.00008552
0.00003299 0.56555687 0.00251143 0.00020910 0.00000002 0.00000109 0.00015951 0.00050786 0.00123840 0.00250035 0.00000001 0.00716749 0.41451052 0.00001230 0.00031060 0.00032616 0.00000042 0.00364446 0.00004462 0.00126580
0.00246913 0.69131602 0.01253692 0.00000093 0.00000032 0.00000000 0.00033522 0.01900226 0.00014686 0.00004174 0.00002520 0.00017364 0.11999564 0.00003524 0.00130077 0.12112483 0.00000644 0.03140343 0.00001000 0.00007540
0.00050293 0.13155493 0.00065905 0.00000113 0.00000015 0.00000000 0.00005565 0.00167106 0.00000412 0.00002786 0.00000016 0.00010189 0.85477561 0.00000139 0.00054140 0.00006066 0.00000023 0.00987538 0.00000044 0.00016596
0.01090555 0.22343619 0.00321344 0.00000027 0.00000573 0.00000000 0.00000555 0.00158773 0.00008550 0.00000945 0.00000013 0.00425181 0.73233144 0.00005251 0.00642524 0.00025686 0.00000748 0.01646355 0.00002680 0.00093477
0.00101559 0.25636521 0.00206727 0.00000092 0.00000008 0.00000001 0.00000750 0.00026644 0.00002635 0.00000664 0.00000001 0.00040618 0.72943985 0.00000242 0.00091756 0.00006409 0.00000062 0.00885389 0.00000146 0.00055792
0.00146008 0.43366656 0.00256232 0.00000810 0.00000008 0.00000000 0.00000352 0.00571191 0.00016026 0.00005391 0.00000025 0.00049629 0.54732269 0.00003405 0.00496727 0.00039247 0.00000107 0.00310140 0.00001456 0.00004321
0.00000035 0.00008195 0.00001986 0.00000000 0.00000000 0.00359509 0.00000000 0.00002983 0.00000058 0.00001024 0.00000054 0.00000438 0.00000000 0.00064563 0.00000635 0.00110455 0.00002712 0.00003364 0.99442501 0.00001488
0.00000026 0.00000009 0.00000026 0.00000000 0.00000001 0.00006051 0.00000000 0.00000052 0.00000001 0.00000038 0.00000009 0.00000014 0.00000000 0.00002103 0.00000009 0.00001094 0.00000179 0.00000104 0.99990282 0.00000002
0.00000003 0.00000296 0.00000009 0.00000000 0.00000016 0.00000287 0.00000000 0.00009243 0.00000394 0.00005418 0.00000037 0.00000156 0.00000000 0.00023944 0.00000081 0.00019107 0.00040871 0.00000171 0.99899778 0.00000188
0.00000033 0.00002972 0.00000280 0.00000000 0.00000012 0.00072714 0.00000000 0.00002938 0.00000406 0.00000181 0.00000085 0.00000427 0.00000000 0.00060033 0.00001337 0.00033433 0.00017656 0.00000634 0.99806725 0.00000134
0.00000017 0.00000398 0.00000055 0.00000000 0.00000001 0.00003468 0.00000000 0.00000523 0.00000059 0.00000876 0.00000132 0.00000589 0.00000001 0.00057864 0.00000078 0.00015475 0.00009129 0.00000208 0.99910739 0.00000390
0.00000912 0.00011136 0.00004681 0.00000000 0.00000435 0.00008881 0.00000001 0.00005374 0.00000057 0.00003082 0.00000954 0.00008070 0.00000004 0.00107031 0.00000690 0.00022520 0.00047468 0.00016533 0.99761802 0.00000369
0.00000016 0.00000341 0.00000030 0.00000000 0.00000000 0.00028229 0.00000000 0.00004162 0.00000680 0.00005174 0.00000011 0.00000005 0.00000000 0.00003853 0.00000039 0.00055745 0.00001196 0.00000105 0.99900341 0.00000072
0.00000195 0.00137815 0.00010054 0.00000003 0.00000304 0.00000193 0.00023212 0.00037310 0.00000427 0.00000584 0.00000050 0.00000237 0.00040889 0.00002073 0.00000117 0.00004807 0.00008783 0.00000993 0.00110588 0.99621365
0.00004311 0.01149041 0.00214220 0.00000001 0.00000340 0.00006079 0.00708790 0.00104546 0.00010998 0.00000168 0.00000016 0.00024452 0.00692886 0.00004222 0.00055419 0.00002816 0.00010986 0.00023127 0.00346573 0.96641007
0.00007957 0.18357089 0.00129467 0.00000373 0.00054148 0.00001168 0.05746199 0.02652777 0.00018225 0.00090585 0.00000206 0.00034002 0.29921840 0.00137783 0.00014656 0.00992584 0.00143035 0.00100821 0.00949093 0.40647992
0.00002754 0.00552915 0.00035364 0.00000910 0.00010480 0.00006478 0.01363026 0.00854952 0.00100024 0.00073535 0.00000288 0.00003927 0.02152428 0.00015293 0.00002350 0.00020253 0.00012109 0.00059328 0.00217344 0.94516241
0.00002192 0.00648054 0.00019094 0.00000167 0.00012116 0.00002174 0.01081573 0.02044311 0.00029885 0.00007718 0.00000250 0.00003879 0.01299463 0.00032178 0.00003523 0.00200398 0.00020180 0.00012483 0.00643759 0.93936604
0.00000181 0.02278911 0.00118800 0.00000525 0.00001144 0.00000451 0.33531305 0.00058114 0.01289525 0.00010299 0.00000022 0.00004431 0.24994534 0.00070405 0.00007269 0.00101860 0.00010078 0.00079328 0.00083753 0.37359066
0.00000064 0.00012587 0.00000732 0.00000004 0.00021214 0.00000002 0.00907208 0.00000855 0.00000126 0.00000472 0.00000000 0.00004007 0.00304969 0.00000292 0.00000073 0.00000256 0.00013578 0.00000416 0.00000697 0.98732449
0.00004540 0.00086675 0.00052326 0.00000000 0.00000000 0.00245168 0.00000000 0.06338539 0.00000191 0.00000000 0.00575136 0.00000020 0.00000425 0.00201820 0.25777277 0.00024872 0.64592776 0.00352354 0.00000693 0.01747187
0.00000069 0.00000421 0.00000340 0.00000000 0.00000000 0.00002431 0.00000000 0.02367115 0.00000051 0.00000000 0.00031038 0.00000000 0.00000000 0.00001611 0.00029677 0.00001958 0.97563265 0.00000359 0.00001590 0.00000074
0.00005512 0.03706274 0.01304200 0.00000000 0.00000000 0.00003930 0.00000002 0.20382834 0.00039114 0.00000000 0.05885711 0.00000081 0.00002658 0.00113684 0.17325784 0.01477434 0.49455710 0.00123024 0.00001056 0.00172993
0.00000075 0.00014266 0.00012066 0.00000000 0.00000000 0.00051127 0.00000000 0.00529814 0.00000697 0.00000000 0.00036320 0.00000002 0.00000052 0.00008105 0.00785866 0.00023014 0.98500427 0.00006075 0.00000438 0.00031655
0.00004928 0.00278588 0.00376215 0.00000000 0.00000000 0.00015981 0.00000000 0.15993676 0.00016190 0.00000000 0.00962521 0.00000011 0.00002241 0.00221805 0.12967024 0.00438829 0.65246647 0.00209053 0.00002219 0.03264073
0.00001176 0.02065673 0.00249728 0.00000000 0.00000000 0.00379381 0.00000000 0.00754102 0.00022933 0.00000000 0.00003096 0.00000022 0.00000334 0.00028452 0.71355537 0.00065090 0.24950593 0.00009762 0.00003716 0.00110406
0.00574602 0.00405397 0.00368204 0.00000000 0.00000001 0.00104348 0.00000001 0.43021772 0.00013013 0.00000066 0.06032053 0.00012071 0.00007425 0.01648569 0.00174035 0.04947944 0.09730828 0.32842609 0.00096399 0.00020665
0.00000080 0.00000000 0.00000000 0.00000000 0.00000000 0.00000068 0.00000000 0.00000000 0.00000000 0.00000001 0.00000000 0.00000000 0.00000000 0.00000006 0.00000000 0.00000001 0.00000000 0.00000000 0.99999843 0.00000000
0.00000028 0.00000000 0.00000000 0.00000000 0.00000000 0.00007375 0.00000000 0.00000000 0.00000000 0.00000003 0.00000000 0.00000000 0.00000000 0.00000005 0.00000000 0.00000001 0.00000000 0.00000000 0.99992588 0.00000000
0.00000026 0.00000000 0.00000000 0.00000000 0.00000000 0.00000121 0.00000000 0.00000000 0.00000000 0.00000007 0.00000000 0.00000002 0.00000000 0.00000005 0.00000000 0.00000000 0.00000000 0.00000000 0.99999838 0.00000000
0.00000022 0.00000000 0.00000001 0.00000000 0.00000000 0.00000129 0.00000000 0.00000000 0.00000000 0.00000016 0.00000000 0.00000002 0.00000000 0.00000013 0.00000000 0.00000000 0.00000000 0.00000000 0.99999817 0.00000000
0.00001172 0.00000000 0.00000002 0.00000000 0.00000000 0.00000242 0.00000000 0.00000000 0.00000000 0.00000004 0.00000000 0.00000012 0.00000000 0.00000030 0.00000000 0.00000001 0.00000000 0.00000001 0.99998535 0.00000000
0.00000004 0.00000000 0.00000000 0.00000000 0.00000000 0.00000531 0.00000000 0.00000000 0.00000000 0.00000000 0.00000000 0.00000000 0.00000000 0.00000006 0.00000000 0.00000001 0.00000000 0.00000000 0.99999459 0.00000000
