0.25063796 0.02987219 0.00041694 0.00142767 0.00175818 0.00046060 0.00996204 0.00610273 0.00290902 0.41564560 0.00714370 0.08954716 0.00153552 0.05342608 0.00950412 0.00492089 0.00907382 0.02000930 0.08418342 0.00146305
0.10431784 0.38068702 0.00212054 0.00155486 0.00064206 0.00123327 0.00912389 0.00854181 0.00237206 0.08470663 0.03317456 0.02312234 0.00465945 0.00466262 0.01187027 0.10303638 0.00520054 0.13363343 0.08407068 0.00126973
0.03073514 0.00250415 0.00011727 0.00011093 0.00006361 0.00192321 0.00033674 0.00048090 0.00020895 0.00372944 0.20550920 0.00476417 0.00016013 0.00014281 0.00091467 0.00091271 0.00015453 0.01693061 0.73023085 0.00006999
0.48058609 0.01574054 0.00044556 0.00050892 0.00075648 0.00134790 0.00295162 0.00333689 0.00084025 0.02205650 0.04782844 0.10184765 0.00082126 0.01198788 0.00369726 0.00525492 0.00102790 0.06863949 0.22905990 0.00126454
0.36658444 0.03112743 0.00122083 0.00104856 0.00316451 0.00189159 0.00663581 0.00942345 0.00179921 0.09265717 0.01607030 0.07398971 0.00194707 0.01147876 0.00813872 0.00663338 0.00404040 0.04011848 0.31933757 0.00269260
0.17756147 0.07196477 0.00123951 0.00235264 0.00455750 0.00507768 0.06599710 0.00663162 0.00277761 0.13804868 0.04480428 0.06772696 0.00379815 0.02990650 0.01526290 0.02747194 0.00640487 0.12163316 0.20313425 0.00364841
0.52091484 0.03159849 0.00093138 0.00088113 0.00122284 0.00205213 0.00499576 0.00382143 0.00152723 0.03080883 0.01526772 0.07055955 0.00126865 0.00834114 0.00787396 0.00623006 0.00325970 0.04260382 0.24465150 0.00118983
0.00027721 0.00765278 0.01314215 0.00010433 0.00150516 0.00264377 0.00388502 0.00474190 0.00034269 0.00038774 0.01052064 0.00214092 0.00138125 0.00024136 0.01708130 0.00035145 0.00079796 0.00499771 0.00037199 0.92743266
0.00138351 0.02539190 0.00574186 0.00079427 0.01151262 0.00638681 0.00385663 0.02233832 0.00246713 0.00089877 0.00752959 0.00341601 0.00141018 0.00186117 0.14133895 0.00209064 0.00714015 0.00807345 0.01901607 0.72735195
0.00502018 0.01650201 0.00359460 0.00108155 0.01430875 0.00252075 0.03189794 0.11039930 0.01160803 0.00333718 0.02556207 0.00289011 0.00206423 0.00852205 0.17202187 0.00339506 0.03745539 0.01350959 0.01232276 0.52198659
0.00028102 0.06171813 0.00420703 0.00031779 0.00307359 0.00127414 0.02850074 0.00584858 0.00162074 0.00069846 0.00627364 0.00295014 0.00079454 0.00157636 0.04734168 0.00057559 0.00179128 0.00184619 0.00072965 0.82858072
0.00016590 0.00270877 0.00214286 0.00017004 0.00132744 0.00186920 0.00364251 0.01620267 0.00132278 0.00048849 0.00878539 0.00055563 0.00062538 0.00042765 0.03924387 0.00047891 0.00146844 0.00176538 0.00048016 0.91612852
0.00103428 0.02015367 0.00372942 0.00134907 0.02532241 0.01024308 0.01624996 0.02394869 0.00979153 0.00245858 0.02232283 0.00216685 0.00302497 0.00823538 0.28552611 0.00182407 0.01982295 0.01306452 0.00473932 0.52499230
0.01980142 0.01570662 0.01011490 0.00190101 0.01841201 0.00155265 0.02465067 0.00549279 0.00125240 0.02066148 0.02115592 0.04176099 0.01328530 0.00455253 0.02339744 0.00335805 0.00685810 0.05360994 0.00478175 0.70769403
0.46966050 0.01916671 0.00002778 0.48700039 0.00154429 0.00003510 0.00002078 0.00021593 0.00011687 0.00020738 0.00003409 0.00103533 0.00021322 0.02013406 0.00017093 0.00003141 0.00001962 0.00010535 0.00018436 0.00007592
0.00520392 0.06047627 0.00009086 0.81608820 0.05358177 0.00052409 0.00006373 0.02167655 0.00012534 0.00201021 0.00007881 0.00232931 0.00080679 0.00285954 0.00029601 0.00023580 0.00014078 0.00045096 0.03228807 0.00067299
0.00223068 0.00016983 0.00002326 0.52625073 0.45879963 0.00006638 0.00001280 0.00004606 0.00003096 0.00614946 0.00002139 0.00242336 0.00001807 0.00051906 0.00029442 0.00002773 0.00003886 0.00005862 0.00271891 0.00009980
0.01192301 0.00447807 0.00002997 0.96551340 0.00854195 0.00014874 0.00002095 0.00057905 0.00004179 0.00022546 0.00003221 0.00168829 0.00035751 0.00068859 0.00043005 0.00003170 0.00002611 0.00013080 0.00506431 0.00004806
0.00032771 0.00041768 0.00000672 0.99514821 0.00305854 0.00002243 0.00000506 0.00002947 0.00000973 0.00015678 0.00000767 0.00021462 0.00000846 0.00019433 0.00009666 0.00000777 0.00000709 0.00001202 0.00024153 0.00002751
0.01510537 0.00466468 0.00007122 0.96920168 0.00503766 0.00015031 0.00004277 0.00079351 0.00005735 0.00057023 0.00006569 0.00043593 0.00015306 0.00118038 0.00090317 0.00016188 0.00009051 0.00020495 0.00093781 0.00017185
0.01684761 0.00111360 0.00002980 0.96885823 0.00498564 0.00006956 0.00002020 0.00039440 0.00006187 0.00052863 0.00003255 0.00074431 0.00004670 0.00213076 0.00039524 0.00003415 0.00002946 0.00003577 0.00348618 0.00015534
0.00391021 0.00000721 0.00000959 0.00004926 0.99316457 0.00000620 0.00000211 0.00001451 0.00000681 0.00058932 0.00000443 0.00003120 0.00000808 0.00000821 0.00025272 0.00000243 0.00004272 0.00000691 0.00160891 0.00027464
0.01868850 0.00003623 0.00001568 0.00005560 0.97451239 0.00002899 0.00000855 0.00092011 0.00001432 0.00080892 0.00024127 0.00027834 0.00006043 0.00004690 0.00038660 0.00001311 0.00025662 0.00003435 0.00267399 0.00091909
0.00171136 0.00000499 0.00000745 0.00003473 0.97963441 0.00000570 0.00000369 0.00001296 0.00000331 0.00010769 0.00002890 0.00016031 0.00000837 0.00000948 0.00007431 0.00000360 0.00009056 0.00000487 0.01807955 0.00001376
0.00401119 0.00004639 0.00002475 0.00015545 0.95236662 0.00004204 0.00000910 0.00018074 0.00002196 0.00032976 0.00010029 0.00052748 0.00005244 0.00003807 0.00042682 0.00001386 0.00032103 0.00001412 0.04117559 0.00014231
0.00124838 0.00000386 0.00000631 0.00003474 0.99677936 0.00001052 0.00000249 0.00006980 0.00000341 0.00020192 0.00002681 0.00002441 0.00000999 0.00000624 0.00004966 0.00000397 0.00005659 0.00000544 0.00136470 0.00009141
0.04381076 0.00012191 0.00005822 0.00094104 0.91928069 0.00010882 0.00001827 0.00057924 0.00002452 0.00059232 0.00007696 0.00011635 0.00004088 0.00004233 0.00072140 0.00002672 0.00041151 0.00004091 0.03291779 0.00006935
0.00188785 0.00000650 0.00000865 0.00005913 0.99145944 0.00001913 0.00000361 0.00009466 0.00000430 0.00009381 0.00001017 0.00008047 0.00001055 0.00001238 0.00009546 0.00000809 0.00092359 0.00000586 0.00452925 0.00068711
0.00065456 0.01118775 0.01587620 0.00012140 0.00011919 0.00237699 0.00010693 0.39465568 0.00068180 0.00025822 0.00060183 0.00013512 0.00145564 0.00424676 0.00834276 0.40107817 0.02635259 0.00174073 0.08631677 0.04369090
0.00002127 0.00131888 0.00065344 0.00003389 0.00001692 0.00003503 0.00001990 0.07108392 0.00015334 0.00006008 0.00010158 0.00002670 0.00014096 0.00019753 0.00107476 0.33541256 0.00063123 0.00018179 0.00018980 0.58864645
0.00109616 0.00711713 0.01094550 0.00033033 0.00031253 0.00163471 0.00024127 0.28882027 0.00100878 0.00058253 0.00084141 0.00043694 0.00053905 0.02680546 0.07071135 0.34829990 0.16059093 0.00249018 0.00673653 0.07045904
0.00034204 0.01147143 0.06693973 0.00018859 0.00015333 0.00164318 0.00009981 0.10534965 0.00050044 0.00024453 0.00029054 0.00021996 0.00079937 0.00870682 0.02196723 0.62651182 0.00391802 0.00106721 0.00285157 0.14673474
0.00011120 0.00307337 0.00293460 0.00008368 0.00007535 0.00084836 0.00005490 0.19612153 0.00032642 0.00013204 0.00025232 0.00006703 0.00061740 0.00074565 0.00628860 0.68449295 0.00800567 0.00061151 0.00082192 0.09433548
0.00103255 0.03848948 0.03267283 0.00055333 0.00045010 0.00216917 0.00043986 0.21167410 0.03347246 0.00074289 0.00112661 0.00063305 0.00274089 0.01909568 0.05294006 0.36452592 0.00419002 0.00227652 0.02135933 0.20941517
0.00011029 0.00430976 0.00050284 0.00005050 0.00005042 0.00021045 0.00003342 0.71171169 0.00011965 0.00006943 0.00016668 0.00004210 0.00011858 0.00241588 0.00843034 0.23346836 0.03319824 0.00159887 0.00089163 0.00250085
0.00010481 0.00295433 0.00097418 0.00001955 0.00003259 0.96223913 0.00001586 0.00332336 0.00051247 0.00002032 0.00013882 0.00003246 0.00021463 0.00082440 0.00324276 0.00085614 0.00023973 0.00010664 0.02344850 0.00069932
0.00004056 0.00094240 0.00006437 0.00005567 0.00002870 0.94600429 0.00003087 0.00449257 0.00004833 0.00003554 0.00007241 0.00004980 0.00014014 0.00093397 0.00244783 0.02278892 0.00043955 0.00013101 0.02121361 0.00003945
0.00006341 0.00026951 0.00050017 0.00002275 0.00001962 0.97397736 0.00001673 0.00109529 0.00042851 0.00003670 0.00126297 0.00002678 0.00007893 0.00110333 0.00370221 0.00344414 0.00031460 0.00014088 0.01274636 0.00074975
0.00258802 0.02170607 0.00304470 0.00045519 0.00035756 0.64844363 0.00036146 0.03073320 0.00298202 0.00093346 0.00237060 0.00092637 0.00376635 0.00606045 0.06200052 0.02061355 0.01399026 0.00392910 0.16955683 0.00518067
0.00001859 0.00020840 0.00009853 0.00000307 0.00000361 0.98048628 0.00000278 0.00024361 0.00007650 0.00000471 0.00000960 0.00000444 0.00001570 0.00002206 0.00057283 0.00007403 0.00008586 0.00001350 0.01790116 0.00015473
0.00004093 0.00015701 0.00009288 0.00000878 0.00000834 0.97988052 0.00000686 0.00042326 0.00025782 0.00000987 0.00008046 0.00001027 0.00004370 0.00017794 0.00127675 0.00167749 0.00006643 0.00001822 0.01561695 0.00014551
0.00006369 0.00008942 0.00011135 0.00001796 0.00004034 0.98656334 0.00001294 0.00121633 0.00019437 0.00001910 0.00014640 0.00002143 0.00004830 0.00291354 0.00267040 0.00079680 0.00009496 0.00002207 0.00472287 0.00023438
0.00103647 0.04256957 0.00022785 0.00699875 0.00049327 0.00010208 0.00016402 0.00142764 0.00013587 0.00047738 0.00020187 0.92600991 0.00218530 0.00027145 0.01511278 0.00066655 0.00106706 0.00035625 0.00027150 0.00022445
0.04041662 0.23552995 0.00453122 0.00147478 0.00090167 0.00061250 0.00046407 0.02879702 0.00078862 0.00508224 0.00132573 0.57313444 0.01285378 0.00052896 0.07794156 0.00292424 0.00094353 0.00685358 0.00192018 0.00297531
0.01037221 0.01446687 0.00530775 0.03200246 0.00070805 0.00091318 0.00078221 0.00588689 0.00070475 0.00956585 0.00137534 0.13111069 0.17045892 0.00064906 0.01612612 0.00257579 0.00058138 0.59111379 0.00201044 0.00328826
0.00810469 0.02458008 0.00216771 0.01099461 0.00125516 0.00077331 0.00054589 0.01350712 0.00124617 0.00858961 0.00121945 0.79777993 0.03663557 0.00093760 0.06122054 0.00142754 0.00085427 0.02256369 0.00449427 0.00110278
0.00747481 0.58433693 0.00074812 0.00326960 0.00073603 0.00023683 0.00064825 0.00938438 0.00091303 0.00074444 0.00029067 0.36457311 0.00479218 0.00038768 0.00809745 0.00183976 0.00091941 0.00874908 0.00124763 0.00061062
0.00290651 0.21903831 0.00157106 0.00123955 0.00030971 0.00021663 0.00019041 0.00251414 0.00058722 0.00951934 0.00029503 0.70055542 0.01355668 0.00033208 0.03570472 0.00105181 0.00035404 0.00764333 0.00140009 0.00101393
0.06187711 0.04980253 0.00496841 0.02682386 0.00547349 0.00222064 0.00125624 0.07691836 0.00281021 0.01555837 0.00919533 0.37281797 0.18219779 0.00486577 0.11212874 0.02411605 0.00527263 0.02800110 0.00736643 0.00632897
0.00082250 0.00243551 0.00007423 0.00001401 0.00001476 0.00004020 0.00000930 0.00016297 0.97491814 0.00001685 0.01933785 0.00000864 0.00008351 0.00110854 0.00058126 0.00004895 0.00008300 0.00000942 0.00017714 0.00005320
0.00002613 0.00279132 0.00077321 0.00001931 0.00007427 0.00034478 0.00256087 0.00005135 0.03866498 0.00594025 0.00002249 0.00036910 0.06146269 0.00003329 0.00258194 0.00050919 0.01410221 0.00006168 0.00004779 0.86956315
0.00913173 0.05523437 0.00044099 0.00037130 0.00036481 0.00029374 0.00034246 0.62469224 0.20615656 0.00674730 0.00164127 0.00051261 0.00046808 0.02285769 0.03470029 0.00321649 0.00216960 0.00065172 0.02803157 0.00197516
0.00945773 0.00407419 0.00079369 0.00051396 0.00035896 0.00117205 0.00154236 0.10050799 0.55472250 0.00169253 0.01126386 0.00070076 0.00290548 0.24691056 0.04121833 0.00468542 0.00519862 0.00093811 0.00401537 0.00732756
0.00361451 0.00601551 0.00022282 0.00005048 0.00010501 0.00058167 0.00021122 0.00530528 0.96666725 0.00030155 0.00140755 0.00006772 0.00257943 0.00332814 0.00254825 0.00048055 0.00199242 0.00008685 0.00051441 0.00391937
0.00558748 0.01859638 0.00057980 0.00085150 0.00061023 0.00092020 0.00153246 0.55024842 0.29043591 0.00165539 0.00859427 0.00138647 0.00105824 0.04820190 0.03561464 0.00237241 0.00790855 0.00034817 0.01826643 0.00523113
0.00164971 0.01483415 0.00135912 0.00013805 0.00016285 0.00139974 0.00018563 0.01695446 0.89179045 0.00214397 0.00090625 0.00026379 0.00159211 0.01299773 0.03106184 0.00239340 0.00254445 0.00024188 0.00864039 0.00874001
0.00033188 0.78961356 0.00021210 0.00053073 0.00091289 0.00041520 0.00025600 0.02281429 0.00092470 0.00116947 0.00041283 0.00459389 0.00193294 0.00290843 0.01510280 0.04898799 0.05244988 0.00146901 0.05470875 0.00025265
0.00080652 0.03804491 0.00060214 0.00068912 0.00043653 0.00151427 0.00118164 0.01599997 0.00144375 0.00124584 0.00506674 0.00159658 0.00985813 0.00402983 0.01736639 0.68142332 0.16559653 0.04747257 0.00381487 0.00181033
0.00093375 0.67420636 0.00155642 0.00421769 0.00069454 0.00171179 0.01231036 0.04859838 0.00125102 0.00262372 0.00466654 0.01033000 0.00284780 0.00865641 0.04214502 0.13640165 0.02046904 0.01653313 0.00719060 0.00265580
0.00203505 0.48024268 0.00121164 0.00661729 0.00284888 0.00150545 0.00888990 0.03039578 0.00476502 0.02136360 0.00572207 0.07017052 0.00942165 0.03716581 0.07208126 0.09421486 0.01068554 0.02966085 0.10742691 0.00357525
0.00101351 0.73692392 0.00046451 0.00179823 0.00111507 0.00052357 0.00526623 0.01822301 0.00189157 0.00170298 0.00100584 0.01397940 0.00307664 0.00695725 0.00829342 0.05497958 0.08355078 0.00270071 0.05595035 0.00058343
0.00041444 0.21362309 0.00050240 0.00268868 0.00038940 0.00187080 0.00134734 0.02256249 0.00131455 0.00107950 0.00148849 0.00235663 0.00571895 0.03194216 0.00525767 0.57005379 0.03659925 0.09188002 0.00806755 0.00084280
0.00033347 0.21526949 0.00047950 0.00171825 0.00033009 0.00113806 0.00110582 0.03740017 0.00169726 0.00272691 0.00150633 0.00176987 0.00205604 0.01180905 0.01891122 0.65902680 0.02956121 0.00724429 0.00468769 0.00122848
0.94643344 0.00006534 0.00000645 0.00000779 0.00006867 0.00000460 0.00000271 0.00001405 0.00005476 0.00001381 0.00000358 0.00374765 0.00000365 0.04693325 0.00069620 0.00000387 0.00000474 0.00000826 0.00191467 0.00001251
0.98133701 0.00005483 0.00008364 0.00000418 0.00002868 0.00000577 0.00000161 0.00001510 0.00006897 0.00053459 0.00000364 0.01557939 0.00000978 0.00165409 0.00053631 0.00000274 0.00000476 0.00002184 0.00003239 0.00002071
0.24405891 0.00001517 0.00000517 0.00000809 0.00002139 0.00000150 0.00000092 0.00000706 0.00000386 0.00000466 0.00000143 0.75264070 0.00000209 0.00304770 0.00011493 0.00000116 0.00000175 0.00002210 0.00003927 0.00000215
0.98922281 0.00001293 0.00000436 0.00000826 0.00006306 0.00000184 0.00000086 0.00000383 0.00000822 0.00001277 0.00000160 0.00594181 0.00000163 0.00442486 0.00023062 0.00000103 0.00000133 0.00000401 0.00005107 0.00000312
0.92584822 0.00001202 0.00001775 0.00001264 0.00002050 0.00000604 0.00000233 0.00001037 0.00001382 0.00004890 0.00000361 0.05170037 0.00000477 0.02156929 0.00055417 0.00000311 0.00000394 0.00003725 0.00011228 0.00001862
0.95166897 0.00003887 0.00001980 0.00001786 0.00006937 0.00000407 0.00000241 0.00000595 0.00001451 0.00003062 0.00000384 0.00925840 0.00000478 0.03803171 0.00037424 0.00000338 0.00000452 0.00002101 0.00041525 0.00001043
0.84511279 0.00022442 0.00001081 0.00002280 0.00003303 0.00000524 0.00000401 0.00005378 0.00008520 0.00001402 0.00000591 0.10169546 0.00000827 0.05181601 0.00063826 0.00000533 0.00000909 0.00001278 0.00022805 0.00001476
0.00007764 0.00125064 0.00009372 0.00009432 0.00047610 0.00097433 0.00453125 0.00037526 0.00006064 0.93914872 0.00045516 0.02291469 0.00209767 0.00008921 0.01172351 0.00005019 0.00004841 0.00013984 0.01344106 0.00195764
0.00000246 0.00003570 0.00001245 0.00000322 0.00001002 0.00000529 0.00004771 0.00001854 0.00000350 0.99285176 0.00000435 0.00005883 0.00007824 0.00000177 0.00026753 0.00000205 0.00000206 0.00000486 0.00634906 0.00024060
0.00001183 0.00019698 0.00001953 0.00005558 0.00003838 0.00003562 0.00012756 0.00006684 0.00001690 0.98733518 0.00003073 0.00017782 0.00416857 0.00000775 0.00012933 0.00000834 0.00000544 0.00006242 0.00710736 0.00039784
0.00006070 0.00131620 0.00011961 0.00006039 0.00010250 0.00030146 0.00089684 0.00048688 0.00023434 0.94024691 0.00045833 0.00214937 0.01823186 0.00003474 0.00131657 0.00003257 0.00002559 0.00061720 0.03252562 0.00078235
0.00000512 0.00001305 0.00001394 0.00000457 0.00001238 0.00000421 0.00006667 0.00001117 0.00002107 0.99627617 0.00000416 0.00002043 0.00073967 0.00000265 0.00014609 0.00000254 0.00000209 0.00001042 0.00248499 0.00015862
0.00000657 0.00001686 0.00001042 0.00000607 0.00001195 0.00000688 0.00001365 0.00001947 0.00004459 0.96128924 0.00000408 0.00003323 0.00019952 0.00000532 0.00021882 0.00000476 0.00000267 0.00001485 0.03803471 0.00005635
0.00000369 0.00010692 0.00000531 0.00001567 0.00003300 0.00001244 0.00007433 0.00001213 0.00001389 0.99844344 0.00000706 0.00024430 0.00030615 0.00000238 0.00007402 0.00000184 0.00000189 0.00000487 0.00030708 0.00032959
0.03026717 0.06907487 0.00179204 0.00120923 0.00658682 0.00177604 0.00232751 0.05487198 0.00154559 0.00326406 0.02681778 0.00750534 0.00135279 0.03102750 0.01974422 0.03228140 0.57028769 0.00846366 0.02535908 0.10444524
0.00483735 0.18290701 0.00055228 0.00127590 0.00623325 0.00269197 0.00314509 0.05280102 0.00265925 0.00147691 0.02086923 0.00235076 0.00085100 0.04564210 0.02569346 0.04338818 0.31445962 0.01158837 0.24669536 0.02988187
0.01018163 0.02830139 0.00153006 0.00111307 0.00461252 0.00316490 0.00214062 0.14929355 0.00347554 0.00215684 0.06735543 0.00286752 0.00110072 0.12668208 0.02463018 0.03692026 0.33326566 0.02820102 0.15944089 0.01356613
0.00642611 0.09722502 0.00285503 0.00340863 0.01760467 0.00252564 0.00903356 0.07250278 0.00362508 0.00722724 0.03285907 0.00474553 0.00229056 0.02455531 0.05044857 0.01208362 0.31005277 0.01561852 0.02221564 0.30269666
0.01166776 0.02306338 0.00296144 0.00135962 0.01141442 0.00643181 0.00236392 0.10461535 0.00451236 0.00271060 0.07742348 0.00209113 0.00134616 0.04705516 0.08272310 0.04956737 0.31944538 0.00565373 0.14322116 0.10037268
0.00776770 0.07470989 0.00108495 0.00397474 0.01391020 0.00329913 0.02518310 0.07821902 0.00387742 0.00448960 0.07995690 0.00332750 0.00231272 0.11852068 0.04933613 0.01948187 0.30502792 0.12334720 0.04314828 0.03902507
0.00512497 0.09327213 0.00140722 0.00500046 0.02383954 0.00284850 0.00701972 0.05080887 0.00226177 0.00558052 0.03629810 0.01010323 0.00719344 0.06217461 0.02905256 0.04660014 0.37851146 0.02745371 0.01040760 0.19504146
0.01576412 0.00114546 0.00079749 0.00037795 0.00060936 0.11933957 0.00032042 0.00070966 0.00257821 0.08433097 0.00163681 0.22269368 0.00038396 0.00095487 0.49636121 0.00037329 0.00059454 0.00122393 0.04892627 0.00087826
0.00026735 0.00080302 0.00045229 0.00045467 0.00038560 0.00012771 0.00002786 0.00026638 0.00857940 0.00431416 0.00005316 0.97557577 0.00525121 0.00030459 0.00229540 0.00012611 0.00006514 0.00020392 0.00039086 0.00005540
0.10117024 0.04534869 0.00161245 0.00082337 0.00051214 0.00108171 0.00024260 0.00104138 0.00097968 0.00567739 0.00105313 0.55604713 0.00035159 0.00848313 0.03986692 0.00031211 0.00043973 0.00061161 0.23400082 0.00034418
0.00541464 0.00081977 0.00019273 0.00029622 0.00017941 0.00322754 0.00009780 0.00034713 0.00383645 0.00794139 0.00051883 0.89256816 0.00028402 0.00481352 0.01190747 0.00020312 0.00018471 0.00031628 0.06672652 0.00012432
0.00189580 0.00739158 0.00052297 0.00054879 0.00018721 0.00852416 0.00015616 0.00027062 0.00081484 0.00665256 0.00102849 0.56468004 0.00044370 0.00152743 0.01757440 0.00040725 0.00025168 0.00071848 0.38618484 0.00021898
0.05416588 0.00476912 0.00073878 0.00026993 0.00075669 0.00601210 0.00014437 0.00040409 0.00201222 0.00420787 0.00068250 0.79306136 0.00063501 0.00070373 0.03857719 0.00017163 0.00016207 0.00148750 0.09066161 0.00037633
0.00904178 0.00192178 0.00156729 0.00166716 0.00040294 0.02347477 0.00013724 0.00097707 0.00071728 0.00359876 0.00084695 0.83744278 0.00063278 0.00073065 0.01607575 0.00018863 0.00027626 0.00054104 0.09954195 0.00021713
0.00100599 0.00275954 0.00167669 0.00017574 0.00193943 0.00053340 0.00006945 0.02481190 0.00022260 0.00009621 0.00263626 0.00339078 0.00014214 0.00045572 0.00506770 0.00054627 0.00686175 0.00031855 0.00926449 0.93802541
0.00012894 0.01195835 0.00021152 0.00015972 0.00320753 0.00027386 0.00016605 0.01267072 0.00022844 0.00005696 0.00348402 0.00093954 0.00027902 0.00022518 0.00878618 0.00016955 0.00258607 0.00013990 0.00091848 0.95340996
0.00730066 0.00720553 0.00191383 0.00153130 0.01653688 0.00500852 0.00092008 0.17102426 0.00232089 0.00086213 0.04478210 0.00530970 0.00082092 0.03691444 0.03148916 0.00711030 0.02903552 0.00297677 0.14659690 0.48034009
0.00009955 0.00048276 0.00029201 0.00012485 0.00094179 0.00054444 0.00005662 0.01492620 0.00010053 0.00006651 0.00126167 0.00022225 0.00006575 0.00013535 0.00441760 0.00010341 0.00242244 0.00010218 0.00201711 0.97161698
0.00031984 0.00050568 0.00066325 0.00020357 0.00442896 0.00045814 0.00010419 0.04831611 0.00042389 0.00019419 0.01815762 0.00039818 0.00018102 0.00072678 0.00791732 0.00121083 0.00453475 0.00037211 0.00402641 0.90685718
0.00639305 0.00627220 0.00199801 0.00341820 0.09824424 0.00641183 0.00159375 0.23284385 0.00531495 0.00137727 0.02642230 0.00126857 0.00165063 0.01501997 0.09017742 0.00161444 0.32569832 0.01034656 0.03155598 0.13237845
0.00103837 0.09852490 0.00223643 0.00041785 0.00334816 0.00065963 0.00051625 0.01377903 0.00035957 0.00067406 0.00747584 0.02973642 0.00168781 0.00060024 0.00759561 0.00232919 0.01530357 0.00158675 0.00364082 0.80848949
0.00131963 0.00112685 0.00294117 0.00022966 0.00253509 0.00156856 0.00028694 0.00092716 0.00036615 0.89290594 0.00039685 0.00043668 0.00218926 0.00029130 0.00492007 0.00134981 0.00019242 0.00346938 0.01115941 0.07138768
0.00009199 0.00010329 0.00009154 0.00009544 0.00003639 0.00005382 0.00519930 0.00005257 0.00009946 0.99146411 0.00027538 0.00009713 0.00017728 0.00028557 0.00027565 0.00027738 0.00002134 0.00007735 0.00077240 0.00045263
0.00001563 0.00009935 0.00002433 0.00003605 0.00002778 0.00000678 0.00003021 0.00000639 0.00001928 0.99663661 0.00002567 0.00040479 0.00017801 0.00001893 0.00006227 0.00000489 0.00000327 0.00011320 0.00004610 0.00224048
0.00004215 0.00008386 0.00004915 0.00005825 0.00020040 0.00002889 0.00003737 0.00001717 0.00003836 0.99345655 0.00006559 0.00015697 0.00032477 0.00017846 0.00012091 0.00002434 0.00000836 0.00006329 0.00017848 0.00486667
0.00033638 0.00090719 0.00250246 0.00023633 0.00029403 0.00128952 0.00045187 0.00028857 0.00029530 0.88640629 0.00065134 0.00104263 0.00185964 0.00057024 0.00233871 0.00012686 0.00008244 0.00135613 0.00054311 0.09842095
0.00024783 0.00177745 0.00089744 0.00052787 0.00027448 0.00066167 0.00093957 0.00039266 0.00080236 0.78951569 0.00079577 0.00054628 0.00826422 0.00080886 0.00261601 0.00116337 0.00015524 0.00171635 0.00051283 0.18738404
0.00013977 0.00054983 0.00013894 0.00006943 0.00018128 0.00002783 0.00026091 0.00002282 0.00013516 0.99359338 0.00006609 0.00032092 0.00037179 0.00012395 0.00014757 0.00008143 0.00001095 0.00018080 0.00036063 0.00321652
0.00000027 0.00189974 0.00005997 0.00000023 0.00000026 0.01810113 0.00000028 0.00017090 0.97671526 0.00000024 0.00002928 0.00000026 0.00000056 0.00170256 0.00006850 0.00011703 0.00111748 0.00000448 0.00000807 0.00000350
0.00000801 0.00119971 0.00042801 0.00000713 0.00001935 0.18667837 0.00007595 0.00023915 0.38212620 0.00005558 0.00002381 0.00000848 0.00002823 0.00011971 0.00108938 0.00322999 0.14615903 0.00005902 0.00013544 0.27830945
0.00002689 0.10947999 0.00025073 0.00000725 0.00000958 0.00531735 0.00001332 0.03414477 0.82615188 0.00001203 0.00007704 0.00001802 0.00002089 0.00043310 0.00136646 0.00729655 0.00943111 0.00186117 0.00402546 0.00005642
0.00000231 0.00387476 0.00009324 0.00000189 0.00000236 0.02261866 0.00000430 0.00049352 0.94255666 0.00000578 0.00003215 0.00000216 0.00000578 0.00037564 0.00049675 0.00067345 0.02848241 0.00009425 0.00012801 0.00005592
0.00000334 0.00897280 0.00006902 0.00000228 0.00000275 0.00080349 0.00000531 0.00220604 0.97019985 0.00000760 0.00009185 0.00000254 0.00000726 0.00235243 0.00045150 0.00355215 0.01068760 0.00021146 0.00027872 0.00009200
0.00001151 0.15402404 0.00118461 0.00000622 0.00001248 0.00303449 0.00001388 0.00625694 0.66671718 0.00001611 0.00002331 0.00000725 0.00001409 0.00014566 0.00314880 0.00814844 0.15674395 0.00020745 0.00018582 0.00009777
0.00000729 0.00739152 0.00010641 0.00000285 0.00000535 0.02486714 0.00000533 0.00315589 0.84902639 0.00000716 0.00001949 0.00000729 0.00000676 0.00054273 0.00059771 0.00080754 0.11241439 0.00005306 0.00085959 0.00011610
0.00319028 0.64094022 0.01624149 0.00086525 0.00058788 0.00674904 0.00045556 0.04450389 0.03726203 0.00083568 0.00057128 0.03368681 0.00508302 0.00878057 0.02245141 0.12205739 0.00627619 0.00640290 0.04204821 0.00101091
0.01341006 0.00676222 0.00100903 0.00019061 0.00057210 0.00033620 0.00031430 0.05771237 0.00555066 0.00038154 0.00022175 0.00478772 0.00557555 0.02497370 0.00471179 0.02299504 0.00468704 0.00378086 0.84172710 0.00030034
0.01379051 0.07907262 0.00143913 0.00041943 0.00072358 0.00151339 0.00080735 0.28944339 0.00440960 0.00339550 0.00059964 0.08269795 0.00160868 0.04898444 0.01088699 0.08539528 0.07265224 0.02064092 0.28103742 0.00048193
0.03106955 0.21609256 0.00146962 0.00043144 0.00048519 0.00147280 0.00036669 0.28814987 0.00563591 0.00093599 0.00037566 0.00879812 0.00342161 0.01088423 0.00366511 0.24759412 0.00497616 0.01130928 0.16255229 0.00031381
0.00478693 0.40800821 0.00274663 0.00033264 0.00034803 0.00191127 0.00063969 0.10695689 0.01410206 0.00073979 0.00050420 0.00890222 0.00148583 0.00743865 0.01357977 0.01604932 0.01301464 0.04343636 0.35440703 0.00060987
0.05139600 0.07638705 0.01260554 0.00059046 0.00061956 0.00589931 0.00048661 0.28798819 0.01487058 0.00145914 0.00137866 0.05628411 0.00442167 0.22567239 0.04454656 0.05608455 0.01457474 0.02883280 0.11429017 0.00161193
0.00651116 0.13740428 0.00136246 0.00037026 0.00078906 0.00142097 0.00049919 0.35052374 0.00680406 0.00065809 0.00049386 0.01565795 0.00206768 0.03156445 0.01118446 0.01927802 0.00727915 0.02305149 0.38229746 0.00078221
0.00005237 0.00022999 0.00056419 0.00004538 0.00010119 0.00096813 0.00102598 0.00042036 0.00018015 0.99286991 0.00002529 0.00005564 0.00078127 0.00006665 0.00067559 0.00005715 0.00010810 0.00019289 0.00133701 0.00024276
0.00002275 0.00004319 0.00002835 0.00007561 0.00005248 0.00008486 0.00078387 0.00003802 0.00002653 0.99388388 0.00003158 0.00007821 0.00020032 0.00004188 0.00011130 0.00002895 0.00000804 0.00006996 0.00003630 0.00435394
0.00001407 0.00873183 0.00002407 0.00003394 0.00005562 0.00003819 0.03008809 0.00020261 0.00026740 0.95953925 0.00001447 0.00020660 0.00010693 0.00005982 0.00023135 0.00001988 0.00020527 0.00003930 0.00005587 0.00006543
0.00000734 0.00043758 0.00002080 0.00003728 0.00002241 0.00015220 0.01475735 0.00006723 0.00007528 0.98365129 0.00000952 0.00008798 0.00022112 0.00001108 0.00023844 0.00000679 0.00003330 0.00005782 0.00001984 0.00008537
0.00003583 0.00019562 0.00012624 0.00002961 0.00005837 0.00008557 0.00029343 0.00013554 0.00013557 0.99745178 0.00001284 0.00009052 0.00051362 0.00006117 0.00014547 0.00001376 0.00006513 0.00006240 0.00021008 0.00027745
0.00058416 0.01000001 0.00096540 0.00099180 0.00023931 0.00191819 0.02581714 0.00221810 0.00105333 0.93022788 0.00026227 0.00977295 0.00605539 0.00086062 0.00597490 0.00016967 0.00028189 0.00056261 0.00051239 0.00153200
0.00008163 0.00114632 0.00008577 0.00005145 0.00008120 0.00004701 0.00410600 0.00028749 0.00010050 0.99234556 0.00006144 0.00013274 0.00021219 0.00018041 0.00026352 0.00011387 0.00004400 0.00014464 0.00032355 0.00019071
0.00551055 0.00014798 0.00043796 0.00004394 0.00054236 0.00004368 0.00004143 0.00018575 0.00006312 0.00025250 0.00003694 0.78553573 0.00007342 0.05570094 0.00387538 0.00004835 0.00120769 0.00038431 0.14580065 0.00006732
0.04667940 0.02529516 0.00600087 0.00100308 0.00085032 0.00224398 0.00091333 0.00416654 0.00229078 0.00132204 0.00079506 0.78520078 0.01668476 0.02862012 0.03480419 0.00260837 0.01115382 0.01531397 0.01240932 0.00164412
0.07408508 0.00832698 0.00536254 0.00025296 0.00156128 0.00032376 0.00032169 0.01861820 0.00041990 0.00078773 0.00049567 0.46071229 0.00037002 0.19950524 0.03941453 0.00321482 0.01134986 0.01575378 0.15863321 0.00049046
0.11334827 0.00072545 0.00245032 0.00010240 0.00040293 0.00020858 0.00011318 0.00177981 0.00099374 0.00053894 0.00015609 0.15205217 0.00025778 0.17288170 0.02488809 0.00023691 0.00467671 0.00096190 0.52305722 0.00016781
0.00541276 0.01546096 0.00158153 0.00064404 0.00145377 0.00120280 0.00067275 0.00438112 0.00116212 0.00111012 0.00046399 0.49540720 0.00153696 0.12131890 0.05135534 0.00140453 0.04295827 0.00605861 0.24555108 0.00086315
0.01442251 0.00258071 0.00075777 0.00009801 0.00025847 0.00007853 0.00019994 0.00050265 0.00034039 0.00059770 0.00007420 0.85939435 0.00029191 0.02401645 0.00307775 0.00024205 0.00120524 0.00187926 0.08979845 0.00018366
0.00102677 0.00094638 0.00048556 0.00003453 0.00030809 0.00006645 0.00004198 0.00071255 0.00011898 0.00009633 0.00007045 0.75239615 0.00006481 0.01007905 0.00155436 0.00038769 0.00317169 0.00100985 0.22738298 0.00004534
0.00023327 0.01155398 0.01636570 0.00009205 0.00007695 0.00112195 0.00009202 0.00572213 0.00090171 0.00019550 0.00126358 0.00024636 0.00017691 0.00196472 0.01717273 0.90272423 0.01114489 0.02661584 0.00215195 0.00018352
0.00002025 0.00013358 0.00014731 0.00000603 0.00000581 0.00010098 0.00000881 0.00673111 0.00011104 0.00000898 0.00009354 0.00000610 0.00000969 0.00451495 0.00081424 0.98660501 0.00047333 0.00014636 0.00005524 0.00000766
0.00002959 0.00122931 0.00168047 0.00000718 0.00000766 0.00181433 0.00001036 0.00140873 0.00028325 0.00001034 0.00010203 0.00001000 0.00004127 0.00036411 0.00068475 0.98296646 0.00069775 0.00845504 0.00018532 0.00001205
0.00001879 0.00026914 0.00027792 0.00000621 0.00000691 0.00015811 0.00000937 0.00186712 0.00010065 0.00001600 0.00011584 0.00000942 0.00001238 0.00033373 0.00098418 0.99218608 0.00050787 0.00275722 0.00034897 0.00001407
0.00002556 0.00071710 0.00103606 0.00000872 0.00000980 0.00033352 0.00001014 0.00070906 0.00017167 0.00002942 0.00007426 0.00001370 0.00001438 0.00066431 0.00104978 0.99267722 0.00127931 0.00033738 0.00082214 0.00001644
0.00007713 0.00534901 0.01455605 0.00002104 0.00002258 0.00449209 0.00005218 0.00080159 0.00763748 0.00013010 0.00008965 0.00004349 0.00007880 0.00045468 0.00303810 0.95334070 0.00797758 0.00086202 0.00091798 0.00005777
0.00033119 0.00323381 0.00160531 0.00003791 0.00004378 0.00107198 0.00004608 0.02520373 0.00043136 0.00009211 0.00083567 0.00013064 0.00014416 0.00159954 0.00169871 0.94489113 0.00149164 0.00260991 0.01441319 0.00008814
0.00847937 0.32586170 0.04481240 0.00078892 0.00070032 0.00099762 0.00080562 0.10323882 0.00423511 0.01097156 0.01260288 0.01565227 0.11011451 0.00126943 0.05837205 0.00193647 0.00205765 0.19001462 0.01228422 0.09480444
0.03787010 0.08412785 0.06297092 0.00165956 0.00097604 0.00330777 0.00107134 0.00897006 0.02350692 0.01912381 0.00236493 0.00949482 0.00355561 0.32650980 0.17522166 0.13253909 0.00200614 0.03196262 0.02164367 0.05111730
0.01486876 0.77689241 0.07819859 0.00023235 0.00020638 0.00207602 0.00032764 0.02278112 0.00052936 0.00049747 0.00027180 0.00036580 0.00040995 0.00054922 0.01107766 0.00098004 0.00123992 0.00282495 0.08426809 0.00140250
0.00512011 0.66956058 0.10983677 0.00060778 0.00031453 0.00205316 0.00050505 0.00399650 0.00652007 0.00557163 0.00077620 0.00204443 0.00851191 0.00161227 0.03325649 0.00423784 0.00176562 0.02449112 0.10740312 0.01181481
0.01208256 0.40832221 0.10577500 0.00124681 0.00108950 0.00234964 0.00149809 0.06131380 0.00983471 0.00917799 0.00501493 0.00805938 0.02838476 0.01068357 0.23349712 0.00604063 0.00423992 0.01222665 0.03216625 0.04699647
0.00049499 0.93375521 0.01073149 0.00006744 0.00004177 0.00017750 0.00014982 0.00634282 0.00206058 0.00038253 0.00017563 0.00060207 0.00140782 0.00015918 0.01081197 0.00126297 0.00035297 0.01793203 0.00885038 0.00424083
0.05361392 0.74624557 0.04560770 0.00044429 0.00047531 0.00139127 0.00072448 0.03387341 0.00657415 0.00095954 0.00454077 0.00618287 0.00507791 0.00522133 0.02834833 0.00185565 0.00138111 0.02434897 0.02705946 0.00607397
0.00494778 0.07405516 0.00245833 0.00035688 0.00010483 0.00007148 0.00025006 0.00073899 0.00032283 0.00013570 0.00013706 0.00384848 0.89959519 0.00015543 0.00473132 0.00088564 0.00017592 0.00371785 0.00016470 0.00314637
0.00150161 0.86239086 0.00129295 0.00044937 0.00020992 0.00015199 0.00039834 0.00117498 0.00083854 0.00176048 0.00005918 0.01554677 0.10021983 0.00007525 0.00421884 0.00033063 0.00008807 0.00737637 0.00033231 0.00158373
0.00138504 0.91683438 0.00213392 0.00038761 0.00003941 0.00003549 0.00117066 0.00891961 0.00059286 0.00008088 0.00020732 0.00048295 0.03222379 0.00009849 0.00095199 0.00857211 0.00008211 0.02506731 0.00015605 0.00057804
0.00181822 0.22244393 0.00086598 0.00013115 0.00006975 0.00002571 0.00026496 0.00113606 0.00010382 0.00031960 0.00004317 0.00166065 0.74279338 0.00002970 0.00129741 0.00034695 0.00003807 0.02518460 0.00006417 0.00136273
0.01255377 0.09670753 0.00330876 0.00015917 0.00028690 0.00004581 0.00022572 0.00052887 0.00033294 0.00025147 0.00008157 0.02572102 0.82231156 0.00006365 0.00395455 0.00020126 0.00010337 0.01701660 0.00024111 0.01590439
0.00839449 0.14169276 0.00247382 0.00016211 0.00009794 0.00003635 0.00035050 0.00021203 0.00018388 0.00015003 0.00003554 0.00534128 0.80748856 0.00004072 0.00258392 0.00031655 0.00004335 0.02518169 0.00004582 0.00516867
0.00410278 0.75168294 0.00204460 0.00029210 0.00011954 0.00004626 0.00007212 0.00133477 0.00118851 0.00031048 0.00008814 0.00298332 0.22706541 0.00013439 0.00518344 0.00038606 0.00007277 0.00247096 0.00010211 0.00031931
0.00001324 0.00009498 0.00001527 0.00000224 0.00000385 0.00037827 0.00000241 0.00007269 0.00000652 0.00006055 0.00001320 0.00001877 0.00000286 0.00034608 0.00025289 0.00009512 0.00001094 0.00004597 0.99855297 0.00001120
0.00000855 0.00000432 0.00000368 0.00000036 0.00000086 0.00002416 0.00000054 0.00001211 0.00000104 0.00000430 0.00000454 0.00000434 0.00000086 0.00001455 0.00003156 0.00005415 0.00000669 0.00002040 0.99980247 0.00000051
0.00000219 0.00000792 0.00000341 0.00000098 0.00001033 0.00000593 0.00000148 0.00038442 0.00000638 0.00043727 0.00000217 0.00000941 0.00000120 0.00002622 0.00006221 0.00017433 0.00048541 0.00000750 0.99836972 0.00000153
0.00001268 0.00006714 0.00002244 0.00000304 0.00001303 0.00027470 0.00000393 0.00009621 0.00001808 0.00002840 0.00001013 0.00002729 0.00000374 0.00006532 0.00029160 0.00020217 0.00011259 0.00003426 0.99870793 0.00000531
0.00000374 0.00001059 0.00000376 0.00000092 0.00000482 0.00005228 0.00000120 0.00002821 0.00000425 0.00002262 0.00000744 0.00002829 0.00000127 0.00014205 0.00005120 0.00004739 0.00002368 0.00001054 0.99955146 0.00000429
0.00001723 0.00005600 0.00002463 0.00000195 0.00001300 0.00001207 0.00000275 0.00007690 0.00000608 0.00004368 0.00000824 0.00004247 0.00000297 0.00017547 0.00017122 0.00005340 0.00010383 0.00010901 0.99907597 0.00000313
0.00000455 0.00001300 0.00000470 0.00000110 0.00000479 0.00008478 0.00000140 0.00016730 0.00001221 0.00020946 0.00000415 0.00000544 0.00000140 0.00003597 0.00007821 0.00069048 0.00001615 0.00001232 0.99864908 0.00000349
0.00001100 0.00109085 0.00012742 0.00001286 0.00005168 0.00003352 0.00034121 0.00132259 0.00007676 0.00002440 0.00001444 0.00001731 0.00151518 0.00002851 0.00015172 0.00006922 0.00007130 0.00003126 0.00151782 0.99349096
0.00005090 0.00736811 0.00636575 0.00005217 0.00036085 0.00015726 0.00676161 0.00043353 0.00021325 0.00005316 0.00005356 0.00095429 0.00738732 0.00011264 0.00166882 0.00008682 0.00013186 0.00021031 0.00255428 0.96502350
0.00056264 0.06812285 0.00185310 0.00234272 0.00371500 0.00045660 0.03731547 0.03599721 0.00325020 0.00327782 0.00033778 0.00066803 0.18391875 0.00156432 0.00305105 0.01120864 0.01189888 0.00580465 0.01219376 0.61246053
0.00004637 0.00112005 0.00018082 0.00051598 0.00021864 0.00014157 0.00880516 0.00455660 0.00097093 0.00057180 0.00006798 0.00016998 0.01985670 0.00012204 0.00075997 0.00034553 0.00009390 0.00062237 0.00128651 0.95954712
0.00005890 0.00151783 0.00017147 0.00019083 0.00038532 0.00012737 0.01260941 0.00671790 0.00049910 0.00022701 0.00005554 0.00014301 0.01650740 0.00011565 0.00091197 0.00100148 0.00009690 0.00009072 0.00318687 0.95538533
0.00006360 0.00865341 0.00166680 0.00043354 0.00033332 0.00007444 0.05385353 0.00022079 0.00425554 0.00064871 0.00007851 0.00109303 0.40134891 0.00019514 0.00545875 0.00048263 0.00023677 0.00068580 0.00059139 0.51962539
0.00000889 0.00174480 0.00022036 0.00010802 0.00073586 0.00001075 0.04362579 0.00003262 0.00009261 0.00002599 0.00000651 0.00040223 0.01106387 0.00002982 0.00009223 0.00003260 0.00041106 0.00003637 0.00001725 0.94130238
0.00220653 0.00476334 0.00490206 0.00054727 0.00058828 0.03545205 0.00054839 0.13669669 0.00102978 0.00055869 0.03545196 0.00086829 0.00079257 0.02088913 0.47877108 0.00460964 0.20289389 0.05395532 0.00123278 0.01324227
0.00003616 0.00005374 0.00003634 0.00001166 0.00001358 0.00024036 0.00001173 0.04220783 0.00005853 0.00001603 0.00014523 0.00001424 0.00001673 0.00008209 0.01029074 0.00012522 0.94637473 0.00007373 0.00017088 0.00002045
0.00056363 0.01437214 0.00205934 0.00026987 0.00020725 0.00098240 0.00019861 0.23600177 0.00582184 0.00021192 0.00708333 0.00027011 0.00048226 0.00289640 0.09664001 0.00682006 0.61992279 0.00279520 0.00035652 0.00204456
0.00013204 0.00176792 0.00092007 0.00009383 0.00007768 0.00352382 0.00014700 0.00914549 0.00061612 0.00009979 0.00073793 0.00014110 0.00011521 0.00089637 0.05578078 0.00153636 0.92168509 0.00106486 0.00012046 0.00139810
0.00105852 0.00434347 0.00611152 0.00058747 0.00049854 0.00646175 0.00091162 0.23146257 0.00290667 0.00052697 0.02297042 0.00074270 0.00086797 0.00542014 0.26560575 0.01261726 0.41345410 0.00738803 0.00096583 0.01509870
0.00093373 0.05543715 0.00584370 0.00088302 0.00058973 0.07238129 0.00113723 0.09056164 0.02723584 0.00070068 0.00336136 0.00123938 0.00120448 0.00648348 0.57220806 0.00797474 0.13309223 0.00758870 0.00174616 0.00939741
0.00330570 0.00392737 0.00477307 0.00050812 0.00029076 0.00857944 0.00043570 0.34342800 0.00173384 0.00028509 0.02588860 0.00069527 0.00081026 0.01325083 0.01455747 0.01036063 0.02416735 0.53891668 0.00282081 0.00126504
0.00000592 0.00000235 0.00001592 0.00000062 0.00000080 0.00004837 0.00000037 0.00000100 0.00000060 0.00000928 0.00000067 0.00000621 0.00000067 0.00000421 0.00001447 0.00000413 0.00000077 0.00000272 0.99988003 0.00000091
0.00001090 0.00000043 0.00001629 0.00000023 0.00000038 0.00005327 0.00000021 0.00000083 0.00000035 0.00000605 0.00000046 0.00000168 0.00000024 0.00000315 0.00001930 0.00000162 0.00000044 0.00000042 0.99988313 0.00000063
0.00000744 0.00000131 0.00001571 0.00000026 0.00000032 0.00001196 0.00000023 0.00000202 0.00000049 0.00003284 0.00000035 0.00003658 0.00000062 0.00002358 0.00001227 0.00000643 0.00000075 0.00000092 0.99984449 0.00000142
0.00000167 0.00000149 0.00000533 0.00000037 0.00000050 0.00000685 0.00000021 0.00000073 0.00000055 0.00001021 0.00000031 0.00000459 0.00000029 0.00000462 0.00001370 0.00000212 0.00000037 0.00000038 0.99994509 0.00000063
0.00002901 0.00000158 0.00001788 0.00000053 0.00000063 0.00000585 0.00000031 0.00000157 0.00000100 0.00001205 0.00000047 0.00001399 0.00000067 0.00001332 0.00001716 0.00000294 0.00000077 0.00000383 0.99987525 0.00000119
0.00000252 0.00000115 0.00001149 0.00000040 0.00000042 0.00014796 0.00000027 0.00000133 0.00000064 0.00000477 0.00000044 0.00000200 0.00000038 0.00001773 0.00001829 0.00000968 0.00000051 0.00000054 0.99977834 0.00000114
