0.35296373 0.00003590 0.00350909 0.00003349 0.28795769 0.00012424 0.00000000 0.00020916 0.00037166 0.00010428 0.02595200 0.08348275 0.00711957 0.00104157 0.00000966 0.00000031 0.00000537 0.09597156 0.14055846 0.00054952
0.19706397 0.00001734 0.00777991 0.00000603 0.40870547 0.00000334 0.00000000 0.00077219 0.00013314 0.00005606 0.04116301 0.15540136 0.00124047 0.00919389 0.00000408 0.00001225 0.00000075 0.15059811 0.02712299 0.00072564
0.39469403 0.00000478 0.00666530 0.00000017 0.11391111 0.00002421 0.00000000 0.00005506 0.00006183 0.00013169 0.00558815 0.11421826 0.00091719 0.00433576 0.00000234 0.00000100 0.00000094 0.12131670 0.23779711 0.00027436
0.25671916 0.00000300 0.00163796 0.00000022 0.16889549 0.00000395 0.00000000 0.00002353 0.00002131 0.00000805 0.00486958 0.45937047 0.00231290 0.00053413 0.00000023 0.00000105 0.00000022 0.09314755 0.01240067 0.00005054
0.93594964 0.00001703 0.00067157 0.00000653 0.01124918 0.00000126 0.00000000 0.00000971 0.00000367 0.00000923 0.00043627 0.02854057 0.00041062 0.00044940 0.00000028 0.00000096 0.00000006 0.00832062 0.01344197 0.00048141
0.34554501 0.00001624 0.00042951 0.00003402 0.56268613 0.00000488 0.00000000 0.00012093 0.00000613 0.00007178 0.00444530 0.03637442 0.00047903 0.00182056 0.00000086 0.00000243 0.00000005 0.04231081 0.00496506 0.00068684
0.02907496 0.00000503 0.00094097 0.00009654 0.79942511 0.00035132 0.00000000 0.00002700 0.00008371 0.00008463 0.00302666 0.01221801 0.00698675 0.01316467 0.00000023 0.00000008 0.00000049 0.02673120 0.10766717 0.00011548
0.70728720 0.00000571 0.00015357 0.00001458 0.06800100 0.00004487 0.00000000 0.00006635 0.00016086 0.00000644 0.00490081 0.14077262 0.00084805 0.00007447 0.00000021 0.00000002 0.00000080 0.03118063 0.04647052 0.00001129
0.00000083 0.00015709 0.00007816 0.00000000 0.00000061 0.00000150 0.00000548 0.00040438 0.00000195 0.00000043 0.00000067 0.00000250 0.00005797 0.00000723 0.00285962 0.00000019 0.00001145 0.00009174 0.00000003 0.99631819
0.00000078 0.00001625 0.00001501 0.00000000 0.00000004 0.00000009 0.00000287 0.00027009 0.00000001 0.00000002 0.00000003 0.00000720 0.00000268 0.00000057 0.00463551 0.00000002 0.00001133 0.00001302 0.00000004 0.99502444
0.00000113 0.00002104 0.00003336 0.00000000 0.00000024 0.00000013 0.00001231 0.00006448 0.00000059 0.00000002 0.00000070 0.00001022 0.00003947 0.00000211 0.00056342 0.00000015 0.00000046 0.00002714 0.00000007 0.99922296
0.00000009 0.00011624 0.00007160 0.00000000 0.00000001 0.00000099 0.00002015 0.00090416 0.00000031 0.00000002 0.00000027 0.00000624 0.00001494 0.00000051 0.01142303 0.00000001 0.00000015 0.00003175 0.00000002 0.98740950
0.00000085 0.00013850 0.00009138 0.00000000 0.00000044 0.00000073 0.00001381 0.00115628 0.00000050 0.00000033 0.00000156 0.00000942 0.00019793 0.00000138 0.00055934 0.00000003 0.00000464 0.00029739 0.00000002 0.99752548
0.00000161 0.00015695 0.00003336 0.00000000 0.00000013 0.00000029 0.00001873 0.00132083 0.00000004 0.00000006 0.00000010 0.00000292 0.00005460 0.00000107 0.00376206 0.00000005 0.00001260 0.00004954 0.00000009 0.99458496
0.00000352 0.00052273 0.00009091 0.00000000 0.00000034 0.00000032 0.00000341 0.00134674 0.00000297 0.00000004 0.00000052 0.00000228 0.00010999 0.00000549 0.00232530 0.00000025 0.00000749 0.00010703 0.00000008 0.99547057
0.00000195 0.00262214 0.00058655 0.00000000 0.00000002 0.00000031 0.00002035 0.00275194 0.00000205 0.00000016 0.00000105 0.00000239 0.00001743 0.00005622 0.04093810 0.00000032 0.00001023 0.00011332 0.00000041 0.95287505
0.01733133 0.00027928 0.00000038 0.29386268 0.68611668 0.00000609 0.00000000 0.00001339 0.00000005 0.00001587 0.00000011 0.00000021 0.00000054 0.00002055 0.00000001 0.00010707 0.00000003 0.00000021 0.00224197 0.00000356
0.05455332 0.00009053 0.00000037 0.07015577 0.87341504 0.00000215 0.00000000 0.00000891 0.00000002 0.00013469 0.00000003 0.00000105 0.00000038 0.00001901 0.00000001 0.00001069 0.00000000 0.00000050 0.00160744 0.00000010
0.08191077 0.00003933 0.00000007 0.15018420 0.76528900 0.00000093 0.00000000 0.00003033 0.00000000 0.00241818 0.00000002 0.00000051 0.00000093 0.00000392 0.00000002 0.00000701 0.00000000 0.00000055 0.00011422 0.00000001
0.00311495 0.00004150 0.00000002 0.21265565 0.78405261 0.00000005 0.00000000 0.00000114 0.00000000 0.00010817 0.00000000 0.00000005 0.00000008 0.00000028 0.00000000 0.00000037 0.00000000 0.00000017 0.00002495 0.00000000
0.00076883 0.00003027 0.00000007 0.83236118 0.16657932 0.00000071 0.00000000 0.00000057 0.00000000 0.00024970 0.00000000 0.00000008 0.00000001 0.00000020 0.00000000 0.00000029 0.00000000 0.00000005 0.00000870 0.00000000
0.00482582 0.00005279 0.00000009 0.85019295 0.14452501 0.00000485 0.00000000 0.00000008 0.00000000 0.00002644 0.00000000 0.00000024 0.00000001 0.00000137 0.00000000 0.00000049 0.00000000 0.00000002 0.00036983 0.00000002
0.00981865 0.00004496 0.00000055 0.66212340 0.32617122 0.00003487 0.00000000 0.00000062 0.00000002 0.00000335 0.00000006 0.00000056 0.00000006 0.00001554 0.00000000 0.00001446 0.00000000 0.00000005 0.00177154 0.00000008
0.00765968 0.00066848 0.00000037 0.32219450 0.66870902 0.00000597 0.00000000 0.00000156 0.00000003 0.00000383 0.00000036 0.00000027 0.00000023 0.00000583 0.00000000 0.00004017 0.00000000 0.00000022 0.00070787 0.00000161
0.36508487 0.00000002 0.00000052 0.00000383 0.63487787 0.00001394 0.00000000 0.00000010 0.00000000 0.00000271 0.00000079 0.00000752 0.00000059 0.00000001 0.00000000 0.00000000 0.00000000 0.00000091 0.00000611 0.00000023
0.00719650 0.00000002 0.00000026 0.00000032 0.99279940 0.00000013 0.00000000 0.00000000 0.00000000 0.00000018 0.00000004 0.00000042 0.00000046 0.00000001 0.00000000 0.00000000 0.00000000 0.00000060 0.00000163 0.00000002
0.01411515 0.00000008 0.00000029 0.00001573 0.98586427 0.00000001 0.00000000 0.00000000 0.00000000 0.00000113 0.00000000 0.00000018 0.00000049 0.00000001 0.00000000 0.00000000 0.00000000 0.00000001 0.00000259 0.00000005
0.04867476 0.00000595 0.00000774 0.00090665 0.95029720 0.00000045 0.00000000 0.00000007 0.00000004 0.00000361 0.00000000 0.00000548 0.00002581 0.00000004 0.00000000 0.00000002 0.00000000 0.00000029 0.00006274 0.00000913
0.09337090 0.00000077 0.00000076 0.00003251 0.90656357 0.00000011 0.00000000 0.00000014 0.00000000 0.00000084 0.00000001 0.00000038 0.00001051 0.00000001 0.00000000 0.00000001 0.00000000 0.00000006 0.00001425 0.00000517
0.00232674 0.00000000 0.00000012 0.00000017 0.99766520 0.00000016 0.00000000 0.00000005 0.00000000 0.00000008 0.00000010 0.00000037 0.00000054 0.00000000 0.00000000 0.00000000 0.00000000 0.00000044 0.00000408 0.00000194
0.28794166 0.00000001 0.00000033 0.00000401 0.71201873 0.00000753 0.00000000 0.00000077 0.00000000 0.00000179 0.00000767 0.00000583 0.00000277 0.00000000 0.00000000 0.00000000 0.00000002 0.00000068 0.00000636 0.00000185
0.69974271 0.00000001 0.00000087 0.00000095 0.30014899 0.00002872 0.00000000 0.00000030 0.00000001 0.00000303 0.00000904 0.00003579 0.00000393 0.00000001 0.00000000 0.00000000 0.00000000 0.00000569 0.00001940 0.00000053
0.00002835 0.06151580 0.00489320 0.00001666 0.00000074 0.00087923 0.00000066 0.40801039 0.00003816 0.00000637 0.00006465 0.00000055 0.00005538 0.00007466 0.00391075 0.23813880 0.00071937 0.00015948 0.00020414 0.28128264
0.00004392 0.03934084 0.04447225 0.00004350 0.00000115 0.02547295 0.00000106 0.21772850 0.00026158 0.00002639 0.00065607 0.00000010 0.00005344 0.00011406 0.00467415 0.50983041 0.00206113 0.00033732 0.00070532 0.15417585
0.00001753 0.01495499 0.01087264 0.00001235 0.00000041 0.04535027 0.00000044 0.88788748 0.00008306 0.00000944 0.00003822 0.00000017 0.00000838 0.00062103 0.00290858 0.03280737 0.00104043 0.00004133 0.00160879 0.00173711
0.00003684 0.05920222 0.00234012 0.00005715 0.00000057 0.03644482 0.00000039 0.52370558 0.00069838 0.00027629 0.00015247 0.00000073 0.00019733 0.00095576 0.00118842 0.37049770 0.00020103 0.00009441 0.00373568 0.00021410
0.00062736 0.03214014 0.01557217 0.00015196 0.00000902 0.00338148 0.00000203 0.44726512 0.00144554 0.00080265 0.00360667 0.00000567 0.00022528 0.00382523 0.00931670 0.46367175 0.00313114 0.00055236 0.01166342 0.00260432
0.00005096 0.07406304 0.00328709 0.00005653 0.00000439 0.00065067 0.00000024 0.49464786 0.00010241 0.00015681 0.00030527 0.00000934 0.00009813 0.00131316 0.01423153 0.33011176 0.00426807 0.00048606 0.02237401 0.05378266
0.00009353 0.35092196 0.03744995 0.00006126 0.00001469 0.00004494 0.00000022 0.23078625 0.00039029 0.00018916 0.00013046 0.00000690 0.00003589 0.00097067 0.00278152 0.16276179 0.00486685 0.00278675 0.02918525 0.17652167
0.00004837 0.55100512 0.03999192 0.00005238 0.00000180 0.00020526 0.00000083 0.03279014 0.00029748 0.00001648 0.00002234 0.00000038 0.00012893 0.00022883 0.00093093 0.09990157 0.00023901 0.00035023 0.00706163 0.26672636
0.00013537 0.00163843 0.00051835 0.00000011 0.00000003 0.93187064 0.00000000 0.00190763 0.00045525 0.00000315 0.00000060 0.00000001 0.00010064 0.00087528 0.00000543 0.00193236 0.00001409 0.00000237 0.06052932 0.00001095
0.00001530 0.00087962 0.00045928 0.00000156 0.00000122 0.94368306 0.00000005 0.01874900 0.00010438 0.00008917 0.00001994 0.00000007 0.00024712 0.00181112 0.00010852 0.00421071 0.00009832 0.00013808 0.02750549 0.00187800
0.00001400 0.02653139 0.00521631 0.00000352 0.00000129 0.83724163 0.00000008 0.03923552 0.00107832 0.00001385 0.00007201 0.00000016 0.00182213 0.00185358 0.00024795 0.05652656 0.00000552 0.00033960 0.01234631 0.01745026
0.00003278 0.00870403 0.00217552 0.00000063 0.00000021 0.92933816 0.00000003 0.01684226 0.00721718 0.00000042 0.00009021 0.00000020 0.00230386 0.00055397 0.00013888 0.01976256 0.00029341 0.00002960 0.00679837 0.00571772
0.00000804 0.00235372 0.00138750 0.00000063 0.00000006 0.97687089 0.00000000 0.00193723 0.00955175 0.00000009 0.00000828 0.00000001 0.00071279 0.00006886 0.00004867 0.00089446 0.00001282 0.00000547 0.00547672 0.00066201
0.00001234 0.00829333 0.00054947 0.00000074 0.00000032 0.96646637 0.00000002 0.00099544 0.00033556 0.00000026 0.00000322 0.00000002 0.00007571 0.00022435 0.00003311 0.00077738 0.00005219 0.00000204 0.02201404 0.00016410
0.00001514 0.04929172 0.00251600 0.00000015 0.00000008 0.89040072 0.00000003 0.01094176 0.01346254 0.00000348 0.00000375 0.00000008 0.00182357 0.00138511 0.00003705 0.00516244 0.00029773 0.00000697 0.02460838 0.00004330
0.00002174 0.00431913 0.00088557 0.00000036 0.00000007 0.97168702 0.00000000 0.00164280 0.00053448 0.00001825 0.00000088 0.00000002 0.00007186 0.00003835 0.00000552 0.00376554 0.00001240 0.00001528 0.01697898 0.00000176
0.01416841 0.01290693 0.00320085 0.00006152 0.00000215 0.00000441 0.00000021 0.00086497 0.00000120 0.00033964 0.00003406 0.92334016 0.00070962 0.00001636 0.00188809 0.00000039 0.00000005 0.04073455 0.00000689 0.00171955
0.00331163 0.00321710 0.00048115 0.00000401 0.00000329 0.00001091 0.00000004 0.00016614 0.00000576 0.00012405 0.00000460 0.97597197 0.00516587 0.00001223 0.00048154 0.00000060 0.00000002 0.01096302 0.00003205 0.00004402
0.00138696 0.00191229 0.00008937 0.00006185 0.00000630 0.00000396 0.00000015 0.00009759 0.00000385 0.00008838 0.00000050 0.98572738 0.00381218 0.00000366 0.00164958 0.00000007 0.00000005 0.00503491 0.00004731 0.00007367
0.01228705 0.05202630 0.00397556 0.00029281 0.00138824 0.00012896 0.00000133 0.00039960 0.00001979 0.00044968 0.00000310 0.87228718 0.00619978 0.00006284 0.00164829 0.00000170 0.00000053 0.04849041 0.00019445 0.00014239
0.22870918 0.04381128 0.00193939 0.00062060 0.00290289 0.00003684 0.00000029 0.00018319 0.00000430 0.00074685 0.00003355 0.65691532 0.00029886 0.00018362 0.00507803 0.00000156 0.00000038 0.05823408 0.00018758 0.00011218
0.01243549 0.00244052 0.00069446 0.00044400 0.00045135 0.00000758 0.00000005 0.00000901 0.00000114 0.00011618 0.00000147 0.94760896 0.00003769 0.00007220 0.00032770 0.00000045 0.00000004 0.03524773 0.00005551 0.00004846
0.00506232 0.00296776 0.00024490 0.00005474 0.00001138 0.00000310 0.00000018 0.00005166 0.00000079 0.00005597 0.00002727 0.94935102 0.00032563 0.00001028 0.00046865 0.00000037 0.00000002 0.04118072 0.00000948 0.00017376
0.00098110 0.00042238 0.00027758 0.00000187 0.00000212 0.00000121 0.00000001 0.00005054 0.00000031 0.00019758 0.00000357 0.99364815 0.00017846 0.00000260 0.00012121 0.00000026 0.00000000 0.00345813 0.00000629 0.00064661
0.00000075 0.00137078 0.00010748 0.00000014 0.00000077 0.00000344 0.00000064 0.00000271 0.99645010 0.00007793 0.00000007 0.00000076 0.00054408 0.00134880 0.00000037 0.00002075 0.00000162 0.00000164 0.00006563 0.00000155
0.00007376 0.00105678 0.00045102 0.00000187 0.00000017 0.00001647 0.00000069 0.00000259 0.97936013 0.00010623 0.00000015 0.00000520 0.00044654 0.01644451 0.00000077 0.00025903 0.00000075 0.00001791 0.00172902 0.00002640
0.00002433 0.00010292 0.00041147 0.00000026 0.00000001 0.00000793 0.00000000 0.00002385 0.97850003 0.00000700 0.00000012 0.00000050 0.00029868 0.01983693 0.00000306 0.00039823 0.00000064 0.00000053 0.00036236 0.00002116
0.00002345 0.00240382 0.00066185 0.00000114 0.00000008 0.00001877 0.00000005 0.00000671 0.97743423 0.00000407 0.00000147 0.00000801 0.00011008 0.01846055 0.00000953 0.00070652 0.00000018 0.00000712 0.00013241 0.00000994
0.00001983 0.00029756 0.00023156 0.00000005 0.00000007 0.00001024 0.00000002 0.00000709 0.99604801 0.00000362 0.00000002 0.00002909 0.00016618 0.00311750 0.00000742 0.00001729 0.00000017 0.00000114 0.00004068 0.00000246
0.00003831 0.01822536 0.00350123 0.00000237 0.00000040 0.00000637 0.00000134 0.00000437 0.97126648 0.00007922 0.00000004 0.00035683 0.00092948 0.00545130 0.00000916 0.00003895 0.00000031 0.00007126 0.00001667 0.00000054
0.00000049 0.00196811 0.00076511 0.00000023 0.00000028 0.00000163 0.00000188 0.00000378 0.99561991 0.00002917 0.00000001 0.00000518 0.00056633 0.00096677 0.00000506 0.00004730 0.00000015 0.00000921 0.00000891 0.00000051
0.00000178 0.00668580 0.00029094 0.00000022 0.00000024 0.00000184 0.00000574 0.00000133 0.99148613 0.00025629 0.00000012 0.00002755 0.00009857 0.00100552 0.00000084 0.00005505 0.00000026 0.00000734 0.00007408 0.00000037
0.00027662 0.08644862 0.00007436 0.00004465 0.00019248 0.00000273 0.00001548 0.18367777 0.00003121 0.00022070 0.00019728 0.00006594 0.62867052 0.00043955 0.00054601 0.05973305 0.00895359 0.03021418 0.00000223 0.00019305
0.00020736 0.06574163 0.00060330 0.00002479 0.00041303 0.00002518 0.00000221 0.18508767 0.00018285 0.00020543 0.00012830 0.00003359 0.68293993 0.00001238 0.00068376 0.02716831 0.00643672 0.02995797 0.00000469 0.00014088
0.00049408 0.03343440 0.00011022 0.00018572 0.00012795 0.00002416 0.00000182 0.06135731 0.00016689 0.00006460 0.00002970 0.00001248 0.79647596 0.00008437 0.00006855 0.02360127 0.05188218 0.03154167 0.00010527 0.00023141
0.00279314 0.10511255 0.00010316 0.00035618 0.00784307 0.00001508 0.00000059 0.55208332 0.00000860 0.00007966 0.00081699 0.00020888 0.27722766 0.00008470 0.00054484 0.01474915 0.02084090 0.01663905 0.00005729 0.00043519
0.01398435 0.30810136 0.00012229 0.00004894 0.00030138 0.00000014 0.00000003 0.58221752 0.00000151 0.00000306 0.00031508 0.00022526 0.07836970 0.00000948 0.00461024 0.00082249 0.00045780 0.00918889 0.00001425 0.00120625
0.03964953 0.18409024 0.00038869 0.00015796 0.00029125 0.00000084 0.00000003 0.38116292 0.00000600 0.00005372 0.00136003 0.00172237 0.28535981 0.00002540 0.01121806 0.00027739 0.00046190 0.09343416 0.00000457 0.00033512
0.00116406 0.02914552 0.00005506 0.00012319 0.00100759 0.00000045 0.00000018 0.70007083 0.00000643 0.00001502 0.00017302 0.00021824 0.23379816 0.00028746 0.00057238 0.00100667 0.00096798 0.03095323 0.00000553 0.00042900
0.00127742 0.33913574 0.00024878 0.00008496 0.00221630 0.00000019 0.00000014 0.05783279 0.00000132 0.00017966 0.00004814 0.00029536 0.31008618 0.00006867 0.00028647 0.00996167 0.00863822 0.26948334 0.00000841 0.00014625
0.99907002 0.00001005 0.00000585 0.00004204 0.00004726 0.00000837 0.00000000 0.00000019 0.00000005 0.00003345 0.00000000 0.00071937 0.00000043 0.00000179 0.00000077 0.00000055 0.00000000 0.00002278 0.00003683 0.00000019
0.99947536 0.00000174 0.00000067 0.00004089 0.00006775 0.00000204 0.00000000 0.00000029 0.00000001 0.00015301 0.00000000 0.00024255 0.00000059 0.00000070 0.00000161 0.00000010 0.00000000 0.00000839 0.00000375 0.00000054
0.99994219 0.00000001 0.00000001 0.00001573 0.00000333 0.00000000 0.00000000 0.00000001 0.00000000 0.00000052 0.00000000 0.00003781 0.00000007 0.00000003 0.00000004 0.00000000 0.00000000 0.00000018 0.00000006 0.00000002
0.99999209 0.00000001 0.00000000 0.00000419 0.00000079 0.00000000 0.00000000 0.00000000 0.00000000 0.00000018 0.00000000 0.00000257 0.00000010 0.00000001 0.00000002 0.00000000 0.00000000 0.00000001 0.00000002 0.00000000
0.99999089 0.00000000 0.00000000 0.00000254 0.00000012 0.00000000 0.00000000 0.00000001 0.00000000 0.00000007 0.00000000 0.00000634 0.00000001 0.00000000 0.00000000 0.00000000 0.00000000 0.00000000 0.00000001 0.00000000
0.99998813 0.00000025 0.00000000 0.00000112 0.00000015 0.00000001 0.00000000 0.00000001 0.00000000 0.00000029 0.00000000 0.00000986 0.00000002 0.00000000 0.00000000 0.00000000 0.00000000 0.00000013 0.00000001 0.00000000
0.99998927 0.00000050 0.00000016 0.00000082 0.00000081 0.00000037 0.00000000 0.00000007 0.00000000 0.00000112 0.00000000 0.00000616 0.00000002 0.00000003 0.00000013 0.00000003 0.00000000 0.00000044 0.00000004 0.00000000
0.99991301 0.00000126 0.00000280 0.00002088 0.00001876 0.00000454 0.00000000 0.00000020 0.00000006 0.00002067 0.00000000 0.00001242 0.00000003 0.00000127 0.00000013 0.00000008 0.00000000 0.00000284 0.00000105 0.00000000
0.00011574 0.00043140 0.00157725 0.00001110 0.00038347 0.00007263 0.00009457 0.00000183 0.00000068 0.86492609 0.00000016 0.11285593 0.00025530 0.00000008 0.00000079 0.00000002 0.00000003 0.00086123 0.00065593 0.01775574
0.00010247 0.00071133 0.00157303 0.00000422 0.00024427 0.00019357 0.00256848 0.00000539 0.00001329 0.76873516 0.00000015 0.18222348 0.00061708 0.00000041 0.00004473 0.00000002 0.00000008 0.00076887 0.00011399 0.04207997
0.00000858 0.00004587 0.00026907 0.00000116 0.00007813 0.00002369 0.00011479 0.00000081 0.00000298 0.92747076 0.00000011 0.06965261 0.00018807 0.00000008 0.00000443 0.00000001 0.00000000 0.00003542 0.00028838 0.00181505
0.00000271 0.00005196 0.00016379 0.00000064 0.00000967 0.00000280 0.00000492 0.00000183 0.00000069 0.88761847 0.00000001 0.10973845 0.00024880 0.00000002 0.00000615 0.00000000 0.00000000 0.00000722 0.00047042 0.00167146
0.00000226 0.00001362 0.00066181 0.00000055 0.00000385 0.00000298 0.00000031 0.00000014 0.00000008 0.97845937 0.00000000 0.01846562 0.00012554 0.00000000 0.00001645 0.00000000 0.00000000 0.00000241 0.00139411 0.00085088
0.00003083 0.00026544 0.00637579 0.00002205 0.00001648 0.00003795 0.00002228 0.00000171 0.00000017 0.28594228 0.00000012 0.67158596 0.00278197 0.00000000 0.00016323 0.00000000 0.00000000 0.00013862 0.00155448 0.03106065
0.00007511 0.00051493 0.00079004 0.00002124 0.00003019 0.00007082 0.00000487 0.00000014 0.00000008 0.64232676 0.00000007 0.33998850 0.00008805 0.00000001 0.00000570 0.00000000 0.00000000 0.00006826 0.00120704 0.01480818
0.00026803 0.00132715 0.00307152 0.00004327 0.00003100 0.00030553 0.00000733 0.00000229 0.00000037 0.93615103 0.00000051 0.03824884 0.00018601 0.00000004 0.00000308 0.00000000 0.00000000 0.00046061 0.00044395 0.01944944
0.00000059 0.00004240 0.00000095 0.00000000 0.00000145 0.00000011 0.00000189 0.00559355 0.00000024 0.00000004 0.00003176 0.00000006 0.00000636 0.00018717 0.00000730 0.00003239 0.00007064 0.00005125 0.00001006 0.99396181
0.00000006 0.00001720 0.00000051 0.00000000 0.00000003 0.00000001 0.00000136 0.00092081 0.00000001 0.00000000 0.00000168 0.00000001 0.00000175 0.00001113 0.00000546 0.00000256 0.00002748 0.00001053 0.00000468 0.99899474
0.00000136 0.00013292 0.00000140 0.00000000 0.00000037 0.00000002 0.00000364 0.00237017 0.00000143 0.00000002 0.00002897 0.00000007 0.00003637 0.00020152 0.00002372 0.00000759 0.00002415 0.00009512 0.00000243 0.99706872
0.00000005 0.00005508 0.00000074 0.00000000 0.00000001 0.00000015 0.00000023 0.00066941 0.00000020 0.00000000 0.00002988 0.00000003 0.00000330 0.00000253 0.00027818 0.00000018 0.00000053 0.00000212 0.00002214 0.99893526
0.00000007 0.00000703 0.00000014 0.00000000 0.00000008 0.00000001 0.00000006 0.00006813 0.00000009 0.00000000 0.00000411 0.00000000 0.00000874 0.00000069 0.00000169 0.00000014 0.00000145 0.00000172 0.00000199 0.99990385
0.00000013 0.00001578 0.00000029 0.00000000 0.00000005 0.00000001 0.00000038 0.00004169 0.00000003 0.00000001 0.00000128 0.00000002 0.00002203 0.00000010 0.00000143 0.00000018 0.00000142 0.00000302 0.00002138 0.99989078
0.00000084 0.00004426 0.00000039 0.00000000 0.00000040 0.00000003 0.00001069 0.00029001 0.00000134 0.00000005 0.00001687 0.00000007 0.00002680 0.00001173 0.00001553 0.00000625 0.00003351 0.00003164 0.00000419 0.99950543
0.00000002 0.00011357 0.00000037 0.00000000 0.00000000 0.00000026 0.00000114 0.00281680 0.00000025 0.00000000 0.00001482 0.00000002 0.00000132 0.00000387 0.00015128 0.00000052 0.00000737 0.00001014 0.00002668 0.99685159
0.36392613 0.00321009 0.00263755 0.00020773 0.00001542 0.17280360 0.00000206 0.00003978 0.00779823 0.01182744 0.00000422 0.41368095 0.00028090 0.00035205 0.00023786 0.00000180 0.00000051 0.00022250 0.02273122 0.00001997
0.10914692 0.03146489 0.00384996 0.00158320 0.00002002 0.11160576 0.00000032 0.00001943 0.04743664 0.01503367 0.00000354 0.63514726 0.00008995 0.00053353 0.00075006 0.00000229 0.00000030 0.00006034 0.04324368 0.00000823
0.06800486 0.00035750 0.00022487 0.00009724 0.00006847 0.00779453 0.00000001 0.00000071 0.00752182 0.00017849 0.00000005 0.85320401 0.00000432 0.00000955 0.00165598 0.00000022 0.00000001 0.00000224 0.06087038 0.00000473
0.02635336 0.00023358 0.00045274 0.00072123 0.00013001 0.00905617 0.00000000 0.00000056 0.00088821 0.00414923 0.00000001 0.57347918 0.00000115 0.00003654 0.00024114 0.00000003 0.00000001 0.00000016 0.38425578 0.00000091
0.01586741 0.00021452 0.00018948 0.00045657 0.00024791 0.02663747 0.00000001 0.00000015 0.00189005 0.00330523 0.00000006 0.66865408 0.00008157 0.00006775 0.00025928 0.00000038 0.00000001 0.00000113 0.28211839 0.00000855
0.06669513 0.00139652 0.00011531 0.00201307 0.00006026 0.03107521 0.00000008 0.00000462 0.00202550 0.01493829 0.00000058 0.79268258 0.00002389 0.00020682 0.00022644 0.00000068 0.00000009 0.00000380 0.08853004 0.00000110
0.14604584 0.00396919 0.00152032 0.00217344 0.00024584 0.16158135 0.00000098 0.00001248 0.02881330 0.00835635 0.00000064 0.63479827 0.00058357 0.00101571 0.00461928 0.00000157 0.00000008 0.00007395 0.00618003 0.00000779
0.16060625 0.00085672 0.00092497 0.00081469 0.00005763 0.06096577 0.00000071 0.00001455 0.01051017 0.05676349 0.00000262 0.69603031 0.00027764 0.00104787 0.00018471 0.00000059 0.00000028 0.00056610 0.01037055 0.00000435
0.00000058 0.00043369 0.00000265 0.00000000 0.00000096 0.00000020 0.00000511 0.00074809 0.00000101 0.00000079 0.00001250 0.00000016 0.00005963 0.00000755 0.00004101 0.00000113 0.00000103 0.00000942 0.00003539 0.99863911
0.00000015 0.00026148 0.00000086 0.00000001 0.00000102 0.00000010 0.00000777 0.00044039 0.00000003 0.00000037 0.00000225 0.00000023 0.00001269 0.00000067 0.00001169 0.00000040 0.00000102 0.00002053 0.00006432 0.99917401
0.00000001 0.00004520 0.00000010 0.00000000 0.00000020 0.00000004 0.00000190 0.00008429 0.00000007 0.00000003 0.00000035 0.00000002 0.00000196 0.00000087 0.00000247 0.00000033 0.00000012 0.00000161 0.00000081 0.99985962
0.00000000 0.00029227 0.00000016 0.00000000 0.00000000 0.00000021 0.00000220 0.00020672 0.00000003 0.00000000 0.00000290 0.00000000 0.00000448 0.00000065 0.00001990 0.00000039 0.00000033 0.00000571 0.00000346 0.99946056
0.00000006 0.00008749 0.00000276 0.00000000 0.00000218 0.00000118 0.00000335 0.00012765 0.00000024 0.00000010 0.00000561 0.00000026 0.00000775 0.00000419 0.00000688 0.00000117 0.00000035 0.00001711 0.00000950 0.99972219
0.00000001 0.00029273 0.00000052 0.00000000 0.00000031 0.00000016 0.00000932 0.00011635 0.00000005 0.00000001 0.00000193 0.00000015 0.00000451 0.00000032 0.00000400 0.00000153 0.00000009 0.00001024 0.00010472 0.99945306
0.00000012 0.00013456 0.00000103 0.00000000 0.00000127 0.00000015 0.00000710 0.00032601 0.00000125 0.00000004 0.00000507 0.00000073 0.00001465 0.00001104 0.00000534 0.00000245 0.00000005 0.00005144 0.00000883 0.99942888
0.00000005 0.00141021 0.00000343 0.00000001 0.00000014 0.00000097 0.00001633 0.00523848 0.00000107 0.00000006 0.00008178 0.00000016 0.00003838 0.00001717 0.00082387 0.00000490 0.00000130 0.00007121 0.00003120 0.99225929
0.00000298 0.00000150 0.00004824 0.00000045 0.00000014 0.00004440 0.00016920 0.00000020 0.00001774 0.99938967 0.00000000 0.00000985 0.00027106 0.00000133 0.00000012 0.00000047 0.00000000 0.00000216 0.00003897 0.00000152
0.00000087 0.00002083 0.00004118 0.00000154 0.00000022 0.00002801 0.00010645 0.00000010 0.00001187 0.99958055 0.00000000 0.00001662 0.00008074 0.00000175 0.00000046 0.00000025 0.00000000 0.00000156 0.00010412 0.00000287
0.00000034 0.00002809 0.00018196 0.00000061 0.00000032 0.00001837 0.00001751 0.00000007 0.00002048 0.99953333 0.00000000 0.00000093 0.00018774 0.00000137 0.00000002 0.00000147 0.00000000 0.00000062 0.00000550 0.00000128
0.00000112 0.00018977 0.00302017 0.00000048 0.00000061 0.00003487 0.00179674 0.00000108 0.00038775 0.98554739 0.00000009 0.00001528 0.00886314 0.00001007 0.00000055 0.00000316 0.00000000 0.00004071 0.00007627 0.00001075
0.00000350 0.00072769 0.01168642 0.00000048 0.00000128 0.00000112 0.00169564 0.00000238 0.00229643 0.88489842 0.00000080 0.00004750 0.09837590 0.00000990 0.00001120 0.00002032 0.00000002 0.00009744 0.00005283 0.00007071
0.00002058 0.00134082 0.00156106 0.00001318 0.00002542 0.00000477 0.00533429 0.00000602 0.00002935 0.98712677 0.00000030 0.00003347 0.00398082 0.00000959 0.00000899 0.00011726 0.00000001 0.00007366 0.00019641 0.00011724
0.00002341 0.00011027 0.00018618 0.00000282 0.00003439 0.00005169 0.00339849 0.00000708 0.00022046 0.98587269 0.00000007 0.00001441 0.00968255 0.00001649 0.00000313 0.00012970 0.00000005 0.00004240 0.00017681 0.00002692
0.00000661 0.00002120 0.00013564 0.00000189 0.00000335 0.00013819 0.00271433 0.00000075 0.00005609 0.99279916 0.00000000 0.00001561 0.00378394 0.00000141 0.00000124 0.00000583 0.00000001 0.00000718 0.00030109 0.00000648
0.00000000 0.00000060 0.00000104 0.00000000 0.00000000 0.03795349 0.00000000 0.00000074 0.96197618 0.00000001 0.00000000 0.00000000 0.00000013 0.00005284 0.00000009 0.00000006 0.00000110 0.00000000 0.00001372 0.00000001
0.00000000 0.00000277 0.00000742 0.00000000 0.00000000 0.06150592 0.00000000 0.00000417 0.93839710 0.00000002 0.00000000 0.00000000 0.00000003 0.00001845 0.00000002 0.00000031 0.00000310 0.00000000 0.00006068 0.00000000
0.00000000 0.00000118 0.00000265 0.00000000 0.00000000 0.04939025 0.00000000 0.00000266 0.95047252 0.00000001 0.00000000 0.00000000 0.00000006 0.00009338 0.00000011 0.00000024 0.00000642 0.00000000 0.00003050 0.00000001
0.00000000 0.00000142 0.00000369 0.00000000 0.00000000 0.01764595 0.00000000 0.00000232 0.98222337 0.00000000 0.00000001 0.00000000 0.00000003 0.00009608 0.00000002 0.00000303 0.00000690 0.00000001 0.00001715 0.00000002
0.00000000 0.00000063 0.00000220 0.00000000 0.00000000 0.00137219 0.00000000 0.00000040 0.99838399 0.00000001 0.00000000 0.00000000 0.00000017 0.00009833 0.00000001 0.00000024 0.00000068 0.00000001 0.00014113 0.00000001
0.00000001 0.00000212 0.00007984 0.00000000 0.00000000 0.09489871 0.00000000 0.00000348 0.89556940 0.00000007 0.00000020 0.00000000 0.00000031 0.00016659 0.00000004 0.00000052 0.00000048 0.00000003 0.00927815 0.00000004
0.00000000 0.00000245 0.00002237 0.00000000 0.00000000 0.11603458 0.00000000 0.00000082 0.88351650 0.00000023 0.00000003 0.00000000 0.00000057 0.00007846 0.00000020 0.00000030 0.00000199 0.00000002 0.00034144 0.00000003
0.00000000 0.00000369 0.00004089 0.00000000 0.00000000 0.18470788 0.00000000 0.00000063 0.81521895 0.00000001 0.00000002 0.00000000 0.00000007 0.00000721 0.00000005 0.00000072 0.00000382 0.00000002 0.00001603 0.00000002
0.00178753 0.10103544 0.01133739 0.00000035 0.00000220 0.00006221 0.00000416 0.00413423 0.00051116 0.00002118 0.00182155 0.00222807 0.00013647 0.06595611 0.00474774 0.62547817 0.00024420 0.17051766 0.00975004 0.00022415
0.00025018 0.44620889 0.00383204 0.00000101 0.00000069 0.00000336 0.00000358 0.00059797 0.00023517 0.00001542 0.00016255 0.00652318 0.00067737 0.00259045 0.00234839 0.50855318 0.00009358 0.02723703 0.00056587 0.00010006
0.00118020 0.39904094 0.00415015 0.00003714 0.00011597 0.00015653 0.00003954 0.00715961 0.00233425 0.00010584 0.00017887 0.01455122 0.01907913 0.00726465 0.12418250 0.36608229 0.00016109 0.05193258 0.00198817 0.00025933
0.00204331 0.37449210 0.01681757 0.00009391 0.00016049 0.00086768 0.00021354 0.00647097 0.00588624 0.00197613 0.00003322 0.05836946 0.02280026 0.00153949 0.06252465 0.31182989 0.00002155 0.13296526 0.00084239 0.00005190
0.00026147 0.37546339 0.00363425 0.00044492 0.00011098 0.00174175 0.00009700 0.00265565 0.01856371 0.00129559 0.00003023 0.02296830 0.09736784 0.01651004 0.07236387 0.35892936 0.00014706 0.02561344 0.00170751 0.00009366
0.00012304 0.21696027 0.00210022 0.00015215 0.00000905 0.00254036 0.00004543 0.00423525 0.02468978 0.00283806 0.00000992 0.00127839 0.00120652 0.02419514 0.00812183 0.62992872 0.00005413 0.06839299 0.01308250 0.00003625
0.00025853 0.02133564 0.03797628 0.00001400 0.00000718 0.00363038 0.00000253 0.00683886 0.00060128 0.00158729 0.00021679 0.00526299 0.00267822 0.05344307 0.00679191 0.58381576 0.00022605 0.13415745 0.14113855 0.00001725
0.00040111 0.26503279 0.07645129 0.00000187 0.00000347 0.00112999 0.00000168 0.00740788 0.00138971 0.00133852 0.00049588 0.00142439 0.00103624 0.01604103 0.00149746 0.10677652 0.00058755 0.48201186 0.03679389 0.00017687
0.00000045 0.00001340 0.00039776 0.00000010 0.00000014 0.00000727 0.00236649 0.00000013 0.00010315 0.99329812 0.00000000 0.00003842 0.00374306 0.00000035 0.00000095 0.00000001 0.00000000 0.00002300 0.00000313 0.00000406
0.00000001 0.00000274 0.00001258 0.00000002 0.00000001 0.00000050 0.00041018 0.00000001 0.00000465 0.99920129 0.00000000 0.00000060 0.00036712 0.00000001 0.00000002 0.00000000 0.00000000 0.00000009 0.00000015 0.00000004
0.00000163 0.00010442 0.00110441 0.00000009 0.00000017 0.00000675 0.00785073 0.00000014 0.00002647 0.98218431 0.00000000 0.00000811 0.00870665 0.00000013 0.00000037 0.00000030 0.00000000 0.00000316 0.00000082 0.00000133
0.00001248 0.00062639 0.00162750 0.00000328 0.00000159 0.00026592 0.06163743 0.00000347 0.00021108 0.88802200 0.00000003 0.00002511 0.04742451 0.00000214 0.00000274 0.00000711 0.00000001 0.00001055 0.00010815 0.00000851
0.00013607 0.00026000 0.00479402 0.00000142 0.00000572 0.00002905 0.02559958 0.00002120 0.00014349 0.95712089 0.00000182 0.00014132 0.01047177 0.00012970 0.00002019 0.00022103 0.00000003 0.00020393 0.00064994 0.00004883
0.00000036 0.00000044 0.00002979 0.00000010 0.00000008 0.00000108 0.00040116 0.00000011 0.00000266 0.99819164 0.00000001 0.00000278 0.00136131 0.00000074 0.00000008 0.00000019 0.00000000 0.00000208 0.00000392 0.00000147
0.00000225 0.00000432 0.00021042 0.00000051 0.00000030 0.00002151 0.00345821 0.00000035 0.00033692 0.96458977 0.00000001 0.00032114 0.03103064 0.00000051 0.00000124 0.00000030 0.00000000 0.00000916 0.00000502 0.00000743
0.00000022 0.00000487 0.00013481 0.00000040 0.00000003 0.00009604 0.00206927 0.00000027 0.00035734 0.91067054 0.00000000 0.00004599 0.08660815 0.00000005 0.00000053 0.00000001 0.00000000 0.00000154 0.00000605 0.00000390
0.24261824 0.00464146 0.00009127 0.00013386 0.00092884 0.00062838 0.00000021 0.00011468 0.00020938 0.00112139 0.00000190 0.04755140 0.00004895 0.05204054 0.00012754 0.00144264 0.00001363 0.00037153 0.64746419 0.00044997
0.55527446 0.00184728 0.00024426 0.00003723 0.00284820 0.00081004 0.00000000 0.00002061 0.00027252 0.00083884 0.00000164 0.23756685 0.00003730 0.11646947 0.00069844 0.00014327 0.00003969 0.00025940 0.08252087 0.00006963
0.63270921 0.00067678 0.00006724 0.00005535 0.00035963 0.00009854 0.00000000 0.00004246 0.00003251 0.00014840 0.00000055 0.31091504 0.00000046 0.02908193 0.01549522 0.00003410 0.00003068 0.00033700 0.00987493 0.00003997
0.77471157 0.00162307 0.00003588 0.00001077 0.00003555 0.00026425 0.00000003 0.00013533 0.00004333 0.00002490 0.00000136 0.18800192 0.00000524 0.01131504 0.02243210 0.00011221 0.00001105 0.00026726 0.00094165 0.00002747
0.83304560 0.00264785 0.00013463 0.00008480 0.00003195 0.00602843 0.00000017 0.00072066 0.00013413 0.00009291 0.00001365 0.07870654 0.00004984 0.01558614 0.01711965 0.00262165 0.00002127 0.00097505 0.04081027 0.00117482
0.76367770 0.00099028 0.00009030 0.00070680 0.00082483 0.01115668 0.00000002 0.00040366 0.00008996 0.00011993 0.00001500 0.00529603 0.00000585 0.00843996 0.00363608 0.00069375 0.00012433 0.00017540 0.20338517 0.00016827
0.36011287 0.00066334 0.00007568 0.00049920 0.00065677 0.00406603 0.00000000 0.00010440 0.00023048 0.00011882 0.00000721 0.00204018 0.00000988 0.00241931 0.00048895 0.00028802 0.00005328 0.00000841 0.62812077 0.00003641
0.68314239 0.00707031 0.00025001 0.00011809 0.00474189 0.00122555 0.00000004 0.00060702 0.00019611 0.00030296 0.00000333 0.00715673 0.00006012 0.05123903 0.00064297 0.00066127 0.00009071 0.00012726 0.24216048 0.00020372
0.00000019 0.00000530 0.00000134 0.00000000 0.00000000 0.00000018 0.00000000 0.00077081 0.00000026 0.00000000 0.00010430 0.00000000 0.00000001 0.00011514 0.00000109 0.99837133 0.00062854 0.00000118 0.00000013 0.00000018
0.00000007 0.00000187 0.00000159 0.00000000 0.00000000 0.00000003 0.00000000 0.00193742 0.00000021 0.00000000 0.00008211 0.00000000 0.00000030 0.00062710 0.00000254 0.99714008 0.00020451 0.00000198 0.00000009 0.00000011
0.00000053 0.00000199 0.00000149 0.00000000 0.00000000 0.00000008 0.00000000 0.00043419 0.00000012 0.00000001 0.00000356 0.00000000 0.00000009 0.00008785 0.00000038 0.99908997 0.00037765 0.00000194 0.00000012 0.00000004
0.00000002 0.00000228 0.00000024 0.00000000 0.00000000 0.00000003 0.00000000 0.00012605 0.00000040 0.00000000 0.00000011 0.00000000 0.00000012 0.00051465 0.00000011 0.99933522 0.00002047 0.00000029 0.00000000 0.00000000
0.00000004 0.00001997 0.00000052 0.00000000 0.00000000 0.00000021 0.00000000 0.00009375 0.00000089 0.00000000 0.00000107 0.00000000 0.00000006 0.00019977 0.00000046 0.99961776 0.00006489 0.00000054 0.00000006 0.00000001
0.00000001 0.00004156 0.00000138 0.00000000 0.00000000 0.00000024 0.00000000 0.00288486 0.00000021 0.00000000 0.00002424 0.00000000 0.00000004 0.00058721 0.00000632 0.99459535 0.00185411 0.00000427 0.00000003 0.00000015
0.00000058 0.00002986 0.00001203 0.00000000 0.00000000 0.00000087 0.00000001 0.01660089 0.00000059 0.00000000 0.00062912 0.00000000 0.00000003 0.00279816 0.00000722 0.96686877 0.01299893 0.00005082 0.00000017 0.00000194
0.00000000 0.00000700 0.00000032 0.00000000 0.00000000 0.00000013 0.00000000 0.00123196 0.00000005 0.00000000 0.00001548 0.00000000 0.00000000 0.00133815 0.00000122 0.99718433 0.00022083 0.00000044 0.00000001 0.00000007
0.07611650 0.07319860 0.78578600 0.00000448 0.00000686 0.00155771 0.00000004 0.00008050 0.00170785 0.00146444 0.00000002 0.00005452 0.00120531 0.02492921 0.02175063 0.00090411 0.00000242 0.00978522 0.00137337 0.00007221
0.05944125 0.01827384 0.75222351 0.00000238 0.00002696 0.00012660 0.00000063 0.00083825 0.00097018 0.00413997 0.00000006 0.00000870 0.00081029 0.08796915 0.04538326 0.00142785 0.00000042 0.02613837 0.00193876 0.00027956
0.00066986 0.00121598 0.21404795 0.00000019 0.00002928 0.00027693 0.00000026 0.00022508 0.00157962 0.00112802 0.00000004 0.00000328 0.00049303 0.76955822 0.00279195 0.00206422 0.00001431 0.00278998 0.00308245 0.00002934
0.00183390 0.01015993 0.86124799 0.00000014 0.00004157 0.00010651 0.00000032 0.00033833 0.00255050 0.00228371 0.00000006 0.00001656 0.00757323 0.05319643 0.02821603 0.00108867 0.00006919 0.02934915 0.00183638 0.00009140
0.04724576 0.09379469 0.63852052 0.00000063 0.00000267 0.00006494 0.00000029 0.00017167 0.00209986 0.00612362 0.00000005 0.00007559 0.01416833 0.01609225 0.11040801 0.00035918 0.00004560 0.07030536 0.00050272 0.00001828
0.00381990 0.32623999 0.42097472 0.00000102 0.00000098 0.00000431 0.00000003 0.00003913 0.00032090 0.00116217 0.00000002 0.00015234 0.01167974 0.00018767 0.19237986 0.00004711 0.00000062 0.04295355 0.00003108 0.00000485
0.00106033 0.44246885 0.54413152 0.00000008 0.00000022 0.00000608 0.00000004 0.00000446 0.00003798 0.00012997 0.00000000 0.00000787 0.00945180 0.00003473 0.00144276 0.00000994 0.00000004 0.00120850 0.00000330 0.00000152
0.00298834 0.45712021 0.48543636 0.00000112 0.00000024 0.00001741 0.00000003 0.00000381 0.00010539 0.00034678 0.00000000 0.00019137 0.02832131 0.00128222 0.00100609 0.00005557 0.00000011 0.02286525 0.00008210 0.00017628
0.00006308 0.17874835 0.10088911 0.00001004 0.00000010 0.00068735 0.00002009 0.00230707 0.00458356 0.00022339 0.00001523 0.00005376 0.69867949 0.00020125 0.01089893 0.00026174 0.00000088 0.00235049 0.00000018 0.00000590
0.00001677 0.06475045 0.03792191 0.00000332 0.00000005 0.00025691 0.00003938 0.00102365 0.00452818 0.00003855 0.00000360 0.00006668 0.87787399 0.00002168 0.01074352 0.00011097 0.00000010 0.00259307 0.00000025 0.00000697
0.00001233 0.09193411 0.02483804 0.00000308 0.00000005 0.00020356 0.00019997 0.00035936 0.00567465 0.00011419 0.00000014 0.00001464 0.87120784 0.00001041 0.00245447 0.00281107 0.00000006 0.00009422 0.00000012 0.00006769
0.00004552 0.21230229 0.00492725 0.00006334 0.00000189 0.00005822 0.00040842 0.00007763 0.00143252 0.00006140 0.00000013 0.00005767 0.77435634 0.00001834 0.00111203 0.00457688 0.00000058 0.00015914 0.00000114 0.00033926
0.00002362 0.26124249 0.00108328 0.00054670 0.00003023 0.00003326 0.00005494 0.00001661 0.00074160 0.00053864 0.00000008 0.00000559 0.73339532 0.00003957 0.00044645 0.00164459 0.00000115 0.00007603 0.00000231 0.00007755
0.00006782 0.44053076 0.00808195 0.00113497 0.00003260 0.00003761 0.00022476 0.00043355 0.00092306 0.00187423 0.00000122 0.00004685 0.53826720 0.00076541 0.00218092 0.00440169 0.00000615 0.00086714 0.00000028 0.00012185
0.00026363 0.69710402 0.02767016 0.00016086 0.00000331 0.00012111 0.00007597 0.00110561 0.00741817 0.00074093 0.00000124 0.00003372 0.24828769 0.00073179 0.00228271 0.01288560 0.00000046 0.00108790 0.00000005 0.00002506
0.00329478 0.60167270 0.11941479 0.00019791 0.00000100 0.00061630 0.00113871 0.00268703 0.00664481 0.00169873 0.00000616 0.00019566 0.20585350 0.00005776 0.00274982 0.00240257 0.00000108 0.05132750 0.00000027 0.00003891
0.00006286 0.00000002 0.00000143 0.00000000 0.00012972 0.00000036 0.00000000 0.00000000 0.00000001 0.00000001 0.00000000 0.00000002 0.00000006 0.00000043 0.00000000 0.00000013 0.00000011 0.00000083 0.99980396 0.00000003
0.00000096 0.00000000 0.00000008 0.00000000 0.00000015 0.00000055 0.00000000 0.00000000 0.00000000 0.00000000 0.00000000 0.00000000 0.00000000 0.00000007 0.00000000 0.00000007 0.00000000 0.00000000 0.99999811 0.00000000
0.00000325 0.00000000 0.00000014 0.00000000 0.00000025 0.00000213 0.00000000 0.00000000 0.00000005 0.00000000 0.00000000 0.00000001 0.00000000 0.00000070 0.00000000 0.00000030 0.00000055 0.00000002 0.99999259 0.00000000
0.00000597 0.00000000 0.00000045 0.00000000 0.00000832 0.00000756 0.00000000 0.00000000 0.00000001 0.00000001 0.00000000 0.00000002 0.00000000 0.00000026 0.00000000 0.00000054 0.00000011 0.00000007 0.99997664 0.00000002
0.00001235 0.00000001 0.00000005 0.00000000 0.00000220 0.00000315 0.00000000 0.00000009 0.00000003 0.00000002 0.00000001 0.00000005 0.00000000 0.00000319 0.00000000 0.00000078 0.00000423 0.00000019 0.99997364 0.00000001
