0.41950061 0.04375998 0.00086159 0.00011558 0.00044023 0.00054258 0.00003135 0.00088769 0.00000510 0.00812593 0.03269004 0.12819383 0.00122878 0.00000944 0.00019135 0.00110382 0.00052508 0.04289707 0.31875481 0.00013513
0.31013573 0.01310554 0.00097424 0.00005647 0.00132906 0.00045016 0.00001482 0.00110173 0.00000725 0.00857237 0.00782671 0.06185120 0.00011856 0.00002094 0.00005639 0.00076675 0.00082588 0.00801495 0.58444900 0.00032225
0.15997376 0.01185063 0.00211672 0.00026023 0.00032398 0.00347065 0.00013237 0.00130972 0.00011317 0.02181622 0.01664944 0.09273657 0.00032551 0.00105901 0.00059159 0.00611126 0.00308277 0.00982987 0.66583098 0.00241557
0.23815867 0.01082821 0.00301257 0.00012214 0.00277365 0.00145595 0.00053825 0.00155332 0.00033170 0.04556234 0.04666371 0.04876903 0.00106460 0.00192927 0.00208607 0.00349904 0.00349540 0.01025922 0.57397903 0.00391783
0.43014642 0.04171401 0.00078239 0.00014036 0.00258498 0.00090620 0.00014260 0.00027197 0.00037367 0.07081504 0.07018222 0.07386833 0.00172322 0.00093482 0.00167620 0.00166782 0.00099109 0.00605441 0.29357374 0.00145047
0.54459516 0.01518204 0.00038560 0.00012112 0.00101101 0.00029450 0.00001306 0.00012807 0.00002214 0.01313669 0.02002898 0.05831297 0.00051329 0.00004638 0.00011310 0.00016345 0.00040175 0.00483725 0.34056737 0.00012606
0.67828440 0.04029514 0.00030397 0.00021091 0.00009921 0.00039865 0.00000947 0.00018522 0.00001408 0.01834084 0.01721295 0.09079507 0.00156371 0.00005386 0.00022115 0.00044610 0.00018212 0.01049963 0.14083113 0.00005239
0.43753033 0.02540808 0.00025092 0.00034142 0.00030046 0.00027381 0.00001101 0.00038910 0.00000601 0.01892010 0.03757808 0.13975254 0.00152629 0.00001494 0.00006287 0.00045016 0.00054559 0.04623998 0.29028028 0.00011803
0.00114812 0.01480836 0.00051756 0.00000016 0.00000952 0.00001074 0.00027653 0.00072055 0.00000343 0.00065831 0.00011052 0.00034464 0.00009154 0.00001131 0.01818455 0.00007002 0.00321937 0.00255303 0.00034410 0.95691763
0.00007752 0.00091879 0.00017574 0.00000001 0.00000717 0.00000221 0.00054838 0.00005650 0.00000096 0.00002903 0.00001334 0.00006582 0.00000825 0.00000293 0.00188429 0.00000496 0.00025362 0.00143599 0.00001039 0.99450410
0.00010143 0.00190850 0.00046191 0.00000003 0.00004850 0.00000748 0.00019947 0.00008835 0.00000196 0.00008308 0.00009549 0.00012417 0.00002679 0.00001173 0.00459683 0.00000316 0.00034507 0.00120513 0.00012975 0.99056118
0.00000178 0.00206311 0.00003267 0.00000000 0.00000006 0.00000139 0.00001171 0.00013682 0.00000041 0.00000082 0.00003391 0.00000008 0.00000341 0.00000141 0.01473830 0.00000144 0.00003337 0.00007637 0.00000214 0.98286079
0.00009454 0.00115986 0.00008840 0.00000014 0.00000383 0.00002259 0.00004053 0.00052323 0.00000618 0.00027746 0.00005958 0.00000677 0.00003912 0.00000741 0.00747069 0.00000959 0.00008375 0.00036007 0.00005905 0.98968721
0.00022310 0.00265378 0.00028604 0.00000004 0.00000257 0.00002466 0.00010284 0.00093258 0.00001263 0.00030496 0.00020989 0.00000804 0.00010776 0.00000797 0.00576067 0.00002462 0.00011361 0.00189158 0.00008942 0.98724325
0.01228537 0.03603797 0.00297001 0.00000109 0.00006707 0.00013200 0.00018332 0.01075573 0.00002256 0.00049829 0.00349260 0.00009452 0.00026052 0.00007291 0.27440086 0.00008801 0.00333801 0.00278843 0.00410423 0.64840651
0.00008817 0.02414037 0.00100752 0.00000006 0.00000044 0.00002428 0.00004986 0.01788557 0.00000327 0.00001060 0.00082728 0.00000140 0.00003652 0.00001059 0.30615607 0.00001454 0.00103268 0.00066784 0.00008118 0.64796176
0.04513699 0.00089149 0.00000003 0.93983059 0.01318188 0.00000002 0.00000000 0.00000218 0.00000001 0.00012778 0.00000009 0.00001690 0.00000035 0.00000985 0.00000011 0.00000003 0.00000001 0.00000320 0.00079657 0.00000192
0.23104463 0.00240678 0.00000008 0.55362289 0.21129184 0.00000000 0.00000000 0.00000354 0.00000002 0.00010057 0.00000015 0.00007899 0.00000098 0.00002924 0.00000012 0.00000004 0.00000001 0.00003411 0.00138184 0.00000417
0.19451306 0.00047419 0.00000010 0.77893512 0.02590432 0.00000003 0.00000000 0.00001251 0.00000001 0.00005048 0.00000005 0.00004279 0.00000015 0.00000159 0.00000008 0.00000001 0.00000000 0.00001004 0.00005539 0.00000009
0.04804567 0.00169507 0.00000033 0.93747572 0.01223282 0.00000004 0.00000000 0.00002158 0.00000003 0.00001886 0.00000004 0.00003336 0.00000341 0.00000653 0.00000010 0.00000002 0.00000000 0.00001797 0.00044831 0.00000014
0.00611218 0.00020584 0.00000004 0.98593618 0.00691564 0.00000008 0.00000000 0.00000729 0.00000001 0.00003297 0.00000002 0.00000159 0.00000071 0.00000375 0.00000028 0.00000002 0.00000000 0.00000023 0.00078315 0.00000002
0.00020400 0.00003451 0.00000000 0.96261622 0.03580968 0.00000001 0.00000000 0.00000035 0.00000001 0.00000531 0.00000000 0.00000189 0.00000010 0.00000366 0.00000001 0.00000000 0.00000000 0.00000004 0.00132420 0.00000001
0.00192712 0.00030770 0.00000004 0.95753241 0.03246438 0.00000002 0.00000000 0.00001120 0.00000002 0.00000344 0.00000001 0.00002386 0.00000019 0.00001585 0.00000003 0.00000002 0.00000000 0.00000004 0.00771362 0.00000008
0.00699737 0.00009088 0.00000003 0.95056180 0.04054540 0.00000007 0.00000000 0.00000070 0.00000000 0.00002337 0.00000001 0.00000958 0.00000008 0.00000355 0.00000012 0.00000000 0.00000000 0.00000019 0.00176658 0.00000026
0.02173053 0.00000000 0.00000006 0.00000004 0.97775886 0.00000303 0.00000000 0.00000009 0.00000000 0.00000006 0.00000012 0.00000036 0.00000000 0.00000002 0.00000000 0.00000000 0.00000000 0.00000002 0.00050675 0.00000006
0.00169155 0.00000001 0.00000007 0.00000006 0.99804121 0.00000019 0.00000000 0.00000003 0.00000000 0.00000004 0.00000002 0.00000179 0.00000000 0.00000004 0.00000000 0.00000000 0.00000000 0.00000001 0.00026495 0.00000003
0.00806589 0.00000002 0.00000006 0.00000304 0.99005768 0.00000016 0.00000000 0.00000013 0.00000000 0.00000004 0.00000003 0.00000085 0.00000000 0.00000018 0.00000000 0.00000000 0.00000000 0.00000000 0.00187185 0.00000006
0.04286768 0.00000112 0.00000355 0.00002035 0.94615345 0.00000010 0.00000000 0.00001715 0.00000001 0.00000083 0.00000028 0.00004053 0.00000011 0.00000015 0.00000002 0.00000000 0.00000000 0.00000007 0.01088563 0.00000898
0.29467660 0.00000165 0.00000144 0.00000879 0.69705995 0.00000080 0.00000000 0.00000524 0.00000000 0.00000198 0.00000008 0.00001623 0.00000005 0.00000005 0.00000001 0.00000000 0.00000002 0.00000004 0.00822454 0.00000253
0.05851063 0.00000091 0.00000053 0.00000028 0.93166852 0.00000090 0.00000000 0.00000283 0.00000000 0.00000125 0.00000743 0.00001483 0.00000003 0.00000053 0.00000000 0.00000000 0.00000078 0.00000216 0.00966031 0.00012808
0.06742726 0.00000005 0.00000018 0.00000005 0.91375573 0.00000059 0.00000000 0.00000075 0.00000000 0.00000162 0.00000882 0.00000133 0.00000000 0.00000020 0.00000000 0.00000000 0.00000017 0.00000396 0.01879588 0.00000340
0.04799534 0.00000003 0.00000010 0.00000003 0.94679376 0.00000061 0.00000000 0.00000032 0.00000000 0.00000021 0.00000611 0.00000299 0.00000000 0.00000016 0.00000000 0.00000000 0.00000002 0.00000064 0.00519882 0.00000088
0.00000291 0.00242491 0.00027943 0.00000010 0.00000000 0.00008201 0.00000004 0.06024174 0.00000452 0.00000028 0.00009005 0.00000000 0.00005786 0.00014777 0.00089251 0.93231574 0.00015253 0.00117818 0.00003909 0.00209031
0.00002407 0.00277160 0.00254955 0.00000031 0.00000003 0.00043247 0.00000019 0.20742332 0.00002494 0.00000063 0.00128165 0.00000003 0.00013023 0.00046990 0.00220406 0.74859226 0.00166611 0.01517989 0.00007155 0.01717720
0.00025479 0.01710792 0.00209438 0.00000045 0.00000003 0.00091888 0.00000058 0.15801755 0.00048117 0.00001318 0.00012010 0.00000009 0.00009995 0.00225634 0.00161369 0.80720529 0.00189564 0.00090683 0.00034693 0.00666621
0.00010975 0.03088772 0.00539123 0.00000128 0.00000047 0.00146367 0.00000022 0.04070496 0.00951400 0.00006540 0.00012605 0.00000003 0.00016697 0.01327576 0.00085243 0.87595039 0.00565903 0.00137779 0.00030299 0.01414984
0.00001602 0.01010571 0.00042251 0.00000119 0.00000005 0.00003698 0.00000001 0.03060319 0.00004197 0.00001532 0.00014208 0.00000000 0.00007207 0.00079859 0.00058369 0.94249930 0.00145133 0.00062103 0.00002249 0.01256647
0.00000156 0.00128725 0.00009433 0.00000045 0.00000000 0.00001533 0.00000002 0.09775499 0.00000821 0.00000033 0.00001923 0.00000000 0.00011066 0.00030751 0.00014212 0.88399109 0.00051796 0.00093126 0.00000171 0.01481599
0.00000055 0.00131146 0.00005555 0.00000059 0.00000001 0.00000347 0.00000005 0.01975630 0.00000188 0.00000092 0.00000256 0.00000000 0.00002381 0.00003953 0.00031935 0.95270960 0.00011438 0.00129746 0.00000522 0.02435730
0.00000078 0.00113051 0.00026948 0.00000174 0.00000001 0.00001841 0.00000015 0.03234087 0.00000912 0.00000020 0.00001334 0.00000000 0.00008282 0.00020755 0.00011351 0.95553385 0.00002699 0.00076140 0.00002937 0.00945991
0.00000721 0.00005458 0.00012790 0.00000004 0.00000001 0.97069028 0.00000003 0.00190821 0.00048713 0.00000060 0.00000045 0.00000003 0.00008262 0.00183584 0.00004786 0.01567840 0.00018377 0.00005853 0.00858726 0.00024926
0.00004861 0.00043337 0.00026351 0.00000012 0.00000006 0.94275262 0.00000039 0.02538034 0.00132353 0.00000813 0.00004915 0.00000010 0.00025357 0.00403427 0.00161523 0.01323607 0.00162775 0.00090820 0.00741169 0.00065329
0.00001663 0.00043839 0.00009155 0.00000004 0.00000007 0.94445537 0.00000011 0.02529158 0.00062890 0.00000313 0.00001398 0.00000049 0.00016947 0.00221487 0.00033982 0.01454291 0.00017318 0.00017802 0.01122336 0.00021815
0.00003325 0.00130518 0.00009959 0.00000003 0.00000004 0.96712958 0.00000000 0.01374601 0.00229083 0.00000033 0.00007557 0.00000011 0.00022837 0.00055799 0.00069005 0.00136235 0.00075177 0.00006073 0.01157373 0.00009449
0.00000038 0.00004721 0.00000537 0.00000000 0.00000000 0.99866103 0.00000000 0.00029257 0.00044233 0.00000001 0.00000064 0.00000000 0.00000536 0.00002050 0.00003136 0.00004200 0.00001583 0.00000170 0.00042985 0.00000385
0.00000065 0.00002326 0.00002639 0.00000000 0.00000000 0.99057563 0.00000000 0.00055494 0.00022442 0.00000000 0.00000292 0.00000000 0.00000926 0.00003322 0.00001278 0.00007261 0.00007407 0.00000047 0.00831237 0.00007700
0.00000365 0.00008768 0.00037517 0.00000001 0.00000000 0.98593952 0.00000000 0.00036541 0.00370031 0.00000020 0.00000171 0.00000000 0.00008215 0.00010411 0.00014654 0.00166247 0.00007473 0.00000285 0.00742420 0.00002929
0.00000676 0.00006744 0.00018883 0.00000000 0.00000000 0.97955014 0.00000000 0.00070587 0.00003566 0.00000012 0.00000098 0.00000000 0.00001847 0.00001796 0.00005148 0.00369203 0.00037644 0.00003141 0.01515553 0.00010090
0.04753629 0.21586048 0.00247767 0.00469733 0.00033439 0.00000026 0.00000058 0.00020997 0.00000085 0.00013103 0.00001707 0.67050948 0.04759535 0.00000248 0.00055166 0.00001137 0.00000005 0.00846189 0.00003070 0.00157111
0.02906382 0.03350552 0.00048183 0.00161850 0.00044431 0.00000108 0.00000043 0.00146111 0.00000040 0.00007058 0.00003075 0.49496473 0.42214127 0.00000199 0.00043417 0.00000852 0.00000060 0.01409800 0.00000973 0.00166266
0.04881140 0.05558832 0.00152749 0.00239631 0.00071954 0.00000036 0.00000034 0.00018071 0.00000037 0.00002992 0.00004083 0.72696589 0.14884567 0.00000012 0.00183457 0.00000088 0.00000050 0.01265596 0.00000498 0.00039584
0.05896405 0.38933304 0.00541242 0.01593554 0.00143141 0.00000096 0.00000018 0.00080224 0.00000079 0.00024227 0.00007563 0.34186629 0.16458989 0.00000040 0.00273755 0.00000744 0.00000073 0.01821101 0.00006651 0.00032164
0.26929642 0.32765336 0.01718413 0.03872173 0.01170805 0.00000651 0.00000028 0.00127154 0.00000039 0.00006744 0.00003150 0.25582058 0.01809846 0.00000253 0.00541327 0.00006963 0.00000276 0.05447166 0.00008691 0.00009286
0.00066877 0.00096602 0.00005468 0.00053831 0.00137954 0.00000007 0.00000000 0.00000320 0.00000001 0.00001536 0.00000111 0.99592242 0.00005414 0.00000055 0.00003664 0.00000028 0.00000000 0.00033474 0.00002231 0.00000187
0.00059801 0.00195277 0.00007459 0.00016819 0.00011481 0.00000028 0.00000001 0.00000320 0.00000001 0.00002124 0.00000020 0.99679077 0.00009339 0.00000003 0.00000927 0.00000011 0.00000000 0.00016490 0.00000393 0.00000432
0.00261732 0.05039363 0.00000914 0.00028349 0.00005804 0.00000013 0.00000002 0.00000234 0.00000005 0.00017378 0.00000002 0.94534229 0.00047683 0.00000004 0.00000577 0.00000001 0.00000000 0.00062686 0.00000701 0.00000322
0.00000043 0.00452463 0.00005249 0.00000000 0.00000000 0.00000088 0.00000004 0.00000875 0.99468958 0.00004291 0.00000012 0.00000002 0.00051249 0.00003238 0.00000346 0.00002667 0.00000873 0.00000003 0.00009492 0.00000147
0.00002447 0.00465592 0.00279528 0.00000001 0.00000009 0.00000804 0.00000005 0.00001282 0.99001533 0.00044393 0.00000834 0.00000019 0.00025234 0.00078599 0.00017571 0.00016772 0.00003632 0.00000166 0.00039805 0.00021773
0.00001600 0.00012134 0.00101630 0.00000001 0.00000010 0.00000782 0.00000000 0.00021199 0.99616222 0.00001168 0.00000049 0.00000005 0.00003681 0.00091628 0.00026807 0.00001022 0.00000161 0.00000010 0.00119961 0.00001930
0.00038006 0.00062602 0.00081384 0.00000007 0.00000456 0.00001241 0.00000000 0.00023367 0.98209273 0.00013475 0.00001149 0.00001577 0.00038812 0.00651192 0.00067539 0.00000209 0.00004423 0.00000055 0.00798570 0.00006661
0.00008950 0.00095267 0.00016428 0.00000020 0.00000036 0.00000830 0.00000000 0.00004685 0.99595066 0.00008513 0.00000021 0.00000970 0.00052858 0.00169148 0.00009441 0.00000012 0.00000450 0.00000031 0.00036635 0.00000640
0.00018502 0.03083540 0.00014710 0.00000287 0.00000106 0.00000366 0.00000006 0.00006757 0.95775429 0.00171940 0.00000032 0.00005943 0.00643743 0.00241115 0.00011471 0.00000774 0.00005644 0.00001034 0.00015422 0.00003178
0.00001087 0.03022045 0.00010318 0.00000007 0.00000053 0.00000121 0.00000013 0.00000853 0.96098930 0.00029640 0.00000014 0.00000677 0.00727363 0.00070184 0.00016573 0.00001964 0.00003798 0.00000126 0.00016126 0.00000108
0.00000802 0.00351852 0.00011121 0.00000007 0.00000005 0.00000016 0.00000033 0.00000597 0.99493586 0.00003523 0.00000081 0.00000032 0.00067610 0.00058267 0.00000140 0.00004582 0.00003804 0.00000024 0.00002906 0.00001011
0.00016181 0.48757885 0.00003276 0.00010515 0.00001403 0.00056213 0.00001174 0.03839875 0.00012008 0.00065353 0.00134520 0.00002564 0.03243600 0.00065370 0.00084115 0.29712045 0.11896852 0.02061036 0.00022583 0.00013431
0.00029602 0.69548784 0.00005135 0.00028408 0.00048108 0.00009884 0.00003342 0.02550871 0.00026322 0.00498955 0.00171178 0.00067678 0.00963271 0.00104363 0.00141080 0.19065247 0.04687509 0.01434632 0.00510974 0.00104658
0.00021005 0.35166821 0.00007600 0.00006069 0.00009942 0.00024555 0.00005610 0.01057765 0.00006685 0.00049919 0.00158148 0.00012968 0.00812988 0.00049460 0.00024672 0.48862633 0.10621043 0.02670092 0.00395738 0.00036287
0.00008124 0.65354537 0.00003338 0.00012923 0.00078506 0.00009610 0.00002495 0.00268189 0.00017259 0.00068554 0.00139183 0.00359605 0.00782596 0.00052475 0.00057979 0.13482009 0.13525222 0.02492608 0.03253453 0.00031336
0.00010517 0.71264980 0.00016320 0.00007913 0.00003211 0.00020694 0.00000334 0.01384689 0.00013369 0.00038957 0.00677001 0.00022302 0.04652984 0.00051179 0.00062449 0.17815070 0.01555154 0.02172658 0.00224199 0.00006022
0.00056893 0.60291052 0.00023131 0.00260542 0.00007042 0.00032191 0.00001284 0.02826096 0.00134129 0.00301829 0.00266709 0.00321667 0.21129568 0.00259059 0.00764210 0.01613539 0.01113024 0.05998358 0.04563074 0.00036603
0.00106436 0.57062461 0.00014639 0.00018715 0.00003121 0.00074974 0.00000404 0.10035383 0.00045609 0.00163106 0.00176703 0.00016194 0.03563101 0.00291605 0.00587972 0.08682606 0.03332620 0.15535728 0.00266022 0.00022604
0.00053834 0.55275945 0.00003035 0.00151291 0.00034911 0.00058025 0.00002802 0.02070292 0.00039940 0.00203358 0.00191735 0.00293039 0.03068080 0.00212799 0.00683985 0.06302833 0.24067168 0.06081423 0.01129570 0.00075935
0.73512457 0.00006431 0.00001005 0.00000540 0.00003700 0.00000019 0.00000000 0.00000093 0.00000162 0.00004322 0.00000006 0.26167256 0.00000000 0.00227395 0.00001523 0.00000008 0.00000001 0.00000654 0.00074360 0.00000068
0.98670569 0.00001880 0.00000013 0.00002107 0.00007688 0.00000007 0.00000000 0.00000028 0.00000200 0.00001052 0.00000001 0.01237633 0.00000000 0.00051316 0.00000181 0.00000000 0.00000000 0.00000128 0.00027105 0.00000093
0.99008499 0.00001604 0.00000010 0.00001270 0.00041125 0.00000001 0.00000000 0.00000002 0.00000006 0.00000302 0.00000000 0.00816838 0.00000000 0.00129401 0.00000402 0.00000000 0.00000000 0.00000040 0.00000494 0.00000004
0.98426374 0.00000281 0.00000002 0.00000673 0.00007904 0.00000002 0.00000000 0.00000002 0.00000002 0.00000461 0.00000000 0.01548283 0.00000001 0.00015704 0.00000055 0.00000000 0.00000000 0.00000009 0.00000244 0.00000003
0.99012176 0.00000009 0.00000000 0.00000045 0.00000531 0.00000000 0.00000000 0.00000000 0.00000002 0.00000167 0.00000000 0.00962792 0.00000000 0.00024165 0.00000012 0.00000000 0.00000000 0.00000004 0.00000097 0.00000000
0.97841319 0.00000012 0.00000001 0.00000010 0.00000119 0.00000000 0.00000000 0.00000000 0.00000003 0.00000021 0.00000000 0.02151976 0.00000000 0.00006223 0.00000017 0.00000000 0.00000000 0.00000005 0.00000293 0.00000000
0.99592772 0.00000208 0.00000039 0.00000022 0.00000276 0.00000004 0.00000000 0.00000003 0.00000003 0.00000009 0.00000000 0.00315135 0.00000000 0.00090873 0.00000064 0.00000000 0.00000000 0.00000008 0.00000582 0.00000000
0.99559001 0.00000623 0.00000139 0.00000151 0.00000612 0.00000044 0.00000000 0.00000099 0.00000138 0.00001089 0.00000000 0.00269798 0.00000000 0.00164558 0.00000122 0.00000001 0.00000000 0.00000076 0.00003543 0.00000005
0.00000019 0.00035439 0.00001875 0.00000317 0.00000519 0.00000015 0.00000055 0.00000013 0.00000013 0.98911232 0.00000000 0.00038459 0.00017911 0.00000000 0.00000042 0.00000000 0.00000000 0.00000138 0.00009559 0.00984394
0.00000007 0.00099452 0.00005360 0.00000714 0.00010391 0.00000065 0.00002357 0.00000081 0.00000051 0.94989928 0.00000001 0.00237399 0.00180980 0.00000000 0.00000336 0.00000000 0.00000000 0.00000453 0.00071995 0.04400430
0.00000009 0.00149188 0.00040106 0.00003032 0.00053706 0.00001863 0.00024935 0.00000160 0.00000310 0.69136575 0.00000003 0.05708277 0.01997803 0.00000001 0.00003117 0.00000000 0.00000000 0.00000246 0.01388523 0.21492145
0.00000048 0.00720060 0.00037009 0.00000690 0.00014763 0.00004212 0.00010767 0.00000317 0.00000301 0.60885410 0.00000012 0.07293748 0.00177630 0.00000001 0.00018814 0.00000001 0.00000000 0.00000850 0.06380975 0.24454393
0.00000123 0.00581368 0.00026035 0.00003280 0.00056020 0.00044664 0.00011202 0.00000077 0.00004909 0.49169608 0.00000003 0.03774775 0.00107439 0.00000004 0.00014618 0.00000000 0.00000000 0.00000236 0.24518203 0.21687437
0.00000932 0.00522611 0.00004890 0.00001356 0.00004489 0.00011547 0.00001276 0.00000632 0.00000093 0.92000842 0.00000014 0.00889128 0.00087268 0.00000000 0.00011583 0.00000000 0.00000000 0.00000152 0.01845615 0.04617573
0.00000060 0.00713970 0.00008615 0.00006293 0.00001320 0.00002580 0.00000067 0.00000160 0.00000060 0.97453851 0.00000002 0.00256403 0.00060764 0.00000000 0.00000883 0.00000000 0.00000000 0.00000406 0.00647445 0.00847121
0.00000366 0.00439422 0.00011450 0.00006028 0.00000293 0.00000622 0.00000486 0.00000947 0.00000105 0.71496101 0.00000008 0.00133880 0.00240038 0.00000000 0.00001115 0.00000000 0.00000000 0.00001936 0.00334716 0.27332487
0.08931937 0.02765106 0.00157818 0.00011603 0.00102950 0.00013849 0.00008477 0.00988241 0.00027671 0.00085649 0.09316789 0.00360263 0.00031440 0.02163117 0.00889447 0.00787685 0.24304337 0.02275694 0.27557696 0.19220231
0.02347154 0.02027970 0.00266157 0.00002149 0.00028488 0.00023803 0.00011919 0.01176617 0.00019482 0.00061966 0.05249114 0.00037836 0.00012961 0.00560941 0.00736489 0.00214111 0.08166937 0.04488060 0.53766616 0.20801232
0.06004979 0.09023320 0.00474414 0.00017619 0.00212875 0.00008736 0.00137973 0.00780039 0.00026882 0.00251270 0.21110171 0.00554964 0.00242277 0.01091789 0.00657582 0.00715451 0.09930893 0.03287618 0.33747923 0.11723222
0.04680686 0.03960088 0.00494293 0.00001231 0.00016437 0.00011769 0.00012531 0.00777188 0.00012840 0.00024375 0.17274233 0.00187474 0.00052511 0.00056765 0.00659642 0.00385645 0.08559721 0.03984586 0.51836099 0.07011887
0.13307071 0.00861872 0.00125845 0.00002534 0.00037621 0.00016758 0.00002273 0.00252345 0.00018301 0.00019097 0.04544482 0.00131010 0.00006621 0.00405585 0.00070329 0.00357380 0.22214201 0.01278677 0.54932042 0.01415956
0.07650798 0.00140276 0.00210845 0.00002781 0.00038758 0.00021389 0.00001233 0.00385794 0.00008437 0.00037040 0.08940540 0.00163515 0.00002113 0.00708854 0.00492851 0.00094212 0.35909586 0.01480354 0.40864225 0.02846398
0.26092108 0.00996057 0.00273103 0.00011841 0.00148084 0.00022689 0.00017910 0.00488558 0.00014281 0.00136320 0.16894005 0.00394983 0.00063595 0.00390789 0.00917046 0.00209566 0.16014282 0.02850745 0.30183768 0.03880270
0.04881201 0.01292278 0.00121270 0.00001798 0.00012800 0.00025665 0.00004898 0.04578496 0.00012033 0.00005060 0.30726727 0.00025849 0.00010121 0.00211930 0.03584997 0.00147422 0.20212527 0.01548535 0.26152342 0.06444052
0.63922872 0.01501811 0.00017968 0.00008925 0.00003479 0.00556791 0.00000003 0.00000230 0.00527830 0.03406260 0.00000066 0.23538236 0.00000506 0.00047963 0.00265919 0.00000171 0.00000011 0.00023314 0.06177638 0.00000007
0.34997560 0.01891119 0.00003675 0.00183493 0.00007676 0.00047773 0.00000001 0.00000146 0.02797275 0.05820279 0.00000226 0.42410497 0.00000155 0.00104253 0.00251217 0.00000159 0.00000275 0.00007031 0.11477180 0.00000011
0.60701830 0.00307804 0.00048370 0.00026652 0.00002472 0.00247457 0.00000001 0.00000244 0.03143861 0.00293399 0.00000044 0.28371366 0.00000597 0.00050535 0.00504444 0.00000004 0.00000018 0.00001651 0.06299239 0.00000013
0.15711917 0.02342060 0.00029704 0.00066782 0.00023900 0.00404980 0.00000007 0.00000538 0.06086412 0.02917375 0.00000071 0.34248848 0.00000153 0.00141542 0.09853211 0.00000010 0.00000075 0.00000965 0.28171150 0.00000299
0.05937865 0.00586804 0.00080836 0.00016838 0.00004283 0.00495438 0.00000011 0.00000141 0.01010203 0.02560872 0.00000038 0.76897096 0.00002644 0.00011289 0.02136996 0.00000001 0.00000003 0.00006621 0.10251948 0.00000073
0.06177160 0.00080568 0.00010316 0.00010632 0.00004386 0.00099568 0.00000003 0.00000240 0.00613506 0.00871669 0.00000076 0.84703030 0.00000799 0.00016972 0.00030569 0.00000003 0.00000019 0.00001801 0.07378629 0.00000054
0.22204756 0.00033901 0.00003661 0.00001188 0.00002909 0.00008158 0.00000001 0.00000188 0.00380890 0.00133670 0.00000006 0.76915856 0.00000727 0.00007667 0.00030102 0.00000001 0.00000000 0.00004763 0.00271547 0.00000008
0.40475104 0.00039691 0.00000619 0.00012485 0.00003475 0.00016580 0.00000002 0.00000103 0.00389799 0.01207499 0.00000116 0.55928748 0.00000108 0.00120635 0.00014557 0.00000031 0.00000018 0.00018794 0.01771628 0.00000008
0.12939266 0.01352345 0.00507376 0.00000487 0.00009933 0.00010115 0.00003254 0.02067619 0.00031961 0.00052675 0.01925901 0.00096916 0.00057400 0.00349435 0.00935890 0.00010849 0.14185608 0.01055368 0.36876827 0.27530775
0.01989951 0.00104291 0.00285530 0.00000113 0.00007259 0.00009176 0.00001929 0.00266263 0.00010927 0.00008436 0.01101448 0.00004361 0.00001486 0.00075681 0.00469188 0.00001346 0.02703335 0.00203067 0.20218259 0.72537956
0.03724093 0.00495517 0.00315003 0.00000548 0.00027995 0.00040850 0.00006869 0.01173013 0.00015040 0.00039527 0.01198734 0.00056675 0.00024874 0.00271376 0.00533651 0.00002656 0.03822159 0.00266031 0.25460406 0.62524984
0.00307006 0.00060372 0.00036147 0.00000020 0.00000918 0.00008165 0.00000021 0.08912576 0.00007999 0.00000268 0.02604601 0.00000305 0.00000696 0.00034080 0.00838878 0.00000290 0.00790785 0.00164834 0.25796638 0.60435400
0.01178495 0.00339291 0.00027807 0.00000199 0.00006650 0.00001785 0.00000245 0.01072826 0.00043305 0.00005726 0.02696524 0.00034028 0.00008019 0.00125625 0.00213006 0.00003432 0.01000343 0.00051540 0.42827670 0.50363484
0.00236208 0.00074101 0.00017676 0.00000030 0.00001072 0.00002983 0.00000040 0.00492372 0.00013154 0.00001801 0.00238523 0.00000655 0.00000436 0.00013420 0.00036224 0.00000295 0.00068646 0.00037553 0.35511563 0.63253247
0.01862490 0.00423370 0.00083256 0.00000398 0.00055830 0.00010180 0.00001667 0.01712632 0.00067576 0.00027085 0.01576589 0.00023794 0.00010960 0.00272179 0.00085575 0.00001175 0.05299154 0.00134361 0.53536224 0.34815506
0.01155228 0.00393884 0.00136373 0.00000048 0.00000950 0.00010390 0.00000335 0.10168205 0.00017042 0.00000847 0.03799332 0.00000952 0.00003282 0.00028342 0.00845884 0.00000658 0.05237380 0.00156242 0.29630005 0.48414621
0.00000086 0.00000734 0.00006129 0.00000148 0.00000022 0.00002643 0.00031408 0.00000005 0.00002042 0.99597916 0.00000000 0.00027317 0.00046453 0.00000033 0.00000044 0.00000006 0.00000000 0.00000309 0.00013060 0.00271645
0.00000102 0.00000380 0.00004186 0.00000043 0.00000071 0.00000351 0.00005151 0.00000004 0.00000520 0.99896185 0.00000000 0.00005343 0.00002646 0.00000024 0.00000006 0.00000004 0.00000000 0.00000173 0.00050442 0.00034372
0.00000541 0.00005319 0.00004588 0.00000051 0.00000121 0.00000156 0.00012011 0.00000006 0.00003032 0.99942253 0.00000000 0.00000224 0.00004327 0.00000236 0.00000035 0.00000006 0.00000000 0.00001924 0.00005630 0.00019540
0.00001827 0.00051967 0.00203656 0.00000258 0.00000269 0.00001281 0.00068407 0.00000031 0.00099464 0.99292113 0.00000002 0.00005524 0.00054651 0.00007646 0.00000184 0.00000104 0.00000010 0.00018249 0.00050383 0.00143974
0.00017792 0.00270630 0.01466023 0.00000205 0.00002542 0.00000380 0.00124549 0.00000047 0.00418581 0.97086778 0.00000023 0.00277180 0.00223376 0.00008117 0.00006291 0.00000382 0.00000023 0.00019149 0.00041944 0.00035988
0.00009210 0.00077058 0.00584956 0.00000203 0.00002308 0.00000177 0.00014301 0.00000012 0.00008811 0.98418533 0.00000043 0.00532895 0.00112078 0.00001450 0.00000844 0.00000178 0.00000002 0.00004531 0.00214009 0.00018400
0.00007902 0.00037762 0.00121470 0.00000336 0.00000351 0.00005967 0.00711112 0.00000075 0.00049874 0.98343804 0.00000018 0.00135760 0.00454818 0.00004328 0.00001285 0.00000213 0.00000002 0.00002364 0.00031807 0.00090752
0.00000224 0.00000957 0.00008293 0.00000041 0.00000154 0.00026751 0.00024222 0.00000002 0.00001536 0.99578646 0.00000001 0.00076367 0.00012810 0.00000564 0.00000050 0.00000015 0.00000000 0.00001065 0.00046361 0.00221943
0.00000001 0.00010183 0.00041134 0.00000000 0.00000000 0.03982213 0.00000000 0.00000220 0.95917745 0.00000000 0.00000039 0.00000000 0.00000172 0.00033067 0.00000831 0.00003786 0.00008287 0.00000044 0.00002206 0.00000073
0.00000001 0.00002511 0.00002409 0.00000000 0.00000000 0.01101867 0.00000000 0.00000043 0.98696336 0.00000000 0.00000279 0.00000000 0.00000376 0.00052453 0.00000134 0.00000970 0.00069035 0.00000084 0.00073480 0.00000023
0.00000009 0.00003321 0.00006399 0.00000000 0.00000000 0.00457666 0.00000001 0.00000097 0.98914583 0.00000007 0.00000090 0.00000000 0.00001182 0.00564284 0.00000161 0.00005067 0.00030055 0.00000095 0.00016943 0.00000038
0.00000005 0.00047479 0.00005289 0.00000000 0.00000000 0.00321994 0.00000006 0.00000183 0.98880897 0.00000003 0.00000484 0.00000000 0.00003985 0.00420180 0.00000073 0.00103108 0.00122517 0.00000193 0.00093544 0.00000060
0.00000001 0.00103165 0.00006370 0.00000000 0.00000000 0.00131384 0.00000018 0.00000120 0.99443292 0.00000004 0.00004615 0.00000000 0.00000131 0.00200942 0.00000028 0.00048638 0.00051476 0.00000206 0.00009521 0.00000088
0.00000001 0.00012664 0.00006253 0.00000000 0.00000000 0.00180698 0.00000003 0.00000042 0.99670861 0.00000001 0.00002903 0.00000000 0.00000321 0.00024716 0.00000014 0.00003173 0.00042743 0.00000089 0.00055348 0.00000170
0.00000000 0.00015503 0.00026250 0.00000000 0.00000000 0.00199170 0.00000000 0.00000023 0.99750080 0.00000000 0.00000191 0.00000000 0.00000023 0.00006469 0.00000115 0.00000508 0.00001033 0.00000011 0.00000617 0.00000008
0.00000000 0.00017843 0.00023792 0.00000000 0.00000000 0.01174418 0.00000000 0.00000054 0.98738086 0.00000000 0.00000926 0.00000000 0.00000061 0.00004805 0.00001366 0.00005639 0.00027677 0.00000045 0.00005218 0.00000069
0.00047601 0.05957163 0.00534259 0.00000032 0.00013159 0.00193145 0.00005534 0.01885578 0.00998627 0.00012269 0.00022715 0.04322231 0.00014487 0.30954911 0.00504878 0.04933262 0.00728081 0.04909660 0.43872188 0.00090220
0.00132706 0.09713065 0.00305495 0.00000342 0.00038214 0.00002262 0.00020646 0.06932960 0.00399268 0.00012686 0.00013562 0.19124479 0.00385014 0.20815331 0.00147507 0.36738889 0.01016579 0.03053050 0.01061097 0.00086849
0.01268413 0.05126049 0.00489102 0.00003654 0.00105809 0.00001669 0.00007693 0.02606990 0.00252794 0.00023782 0.00020145 0.22473794 0.02519224 0.05683573 0.00191786 0.53306670 0.00682071 0.05140027 0.00078393 0.00018363
0.02287279 0.13714249 0.00869627 0.00002986 0.00085924 0.00021587 0.00008649 0.01739752 0.03189957 0.00041334 0.00055671 0.55089662 0.03487960 0.03857268 0.00110458 0.10761694 0.00507881 0.03833251 0.00328664 0.00006148
0.01150863 0.03144872 0.00435801 0.00001136 0.00015442 0.00535611 0.00005525 0.01749633 0.08833460 0.00051462 0.00011039 0.00240380 0.00084570 0.34825590 0.00291793 0.47164183 0.00086204 0.00081017 0.01286207 0.00005213
0.00154013 0.02079421 0.00021366 0.00000173 0.00007537 0.01093878 0.00001125 0.00291191 0.08256605 0.00792904 0.00002738 0.00036422 0.00004753 0.61044044 0.00140934 0.03088339 0.00055453 0.00048818 0.22878796 0.00001491
0.00021056 0.00073756 0.00007468 0.00000021 0.00000910 0.00253343 0.00000291 0.00072963 0.00733320 0.00119878 0.00000034 0.00011722 0.00000705 0.02837721 0.00004859 0.00103430 0.00009130 0.00021887 0.95726624 0.00000881
0.00058754 0.00563123 0.00015739 0.00000001 0.00001584 0.00042495 0.00000175 0.00107647 0.00221547 0.00030866 0.00001629 0.00144027 0.00000610 0.02397684 0.00032848 0.00470539 0.00020709 0.00094779 0.95793387 0.00001858
0.00000139 0.00006636 0.00008193 0.00000076 0.00000064 0.00000678 0.00092210 0.00000002 0.00023261 0.99783902 0.00000000 0.00008310 0.00038311 0.00001434 0.00000018 0.00000003 0.00000000 0.00000018 0.00029323 0.00007420
0.00000048 0.00051454 0.00005820 0.00000183 0.00000205 0.00013026 0.00205515 0.00000008 0.00170819 0.99296048 0.00000000 0.00012428 0.00108411 0.00000345 0.00000074 0.00000006 0.00000001 0.00000075 0.00115519 0.00020013
0.00000228 0.00063642 0.00007403 0.00000042 0.00000141 0.00002342 0.00065611 0.00000023 0.00023737 0.99818496 0.00000001 0.00003294 0.00006359 0.00000172 0.00000047 0.00000017 0.00000002 0.00000359 0.00003381 0.00004704
0.00000039 0.00025005 0.00023591 0.00000252 0.00000423 0.00005591 0.00108626 0.00000022 0.00040835 0.99747927 0.00000000 0.00003987 0.00031973 0.00000384 0.00000041 0.00000023 0.00000002 0.00000152 0.00003016 0.00008111
0.00000126 0.00005873 0.00007003 0.00000092 0.00001352 0.00000943 0.00287171 0.00000010 0.00016821 0.99571300 0.00000001 0.00042788 0.00039535 0.00007886 0.00000005 0.00000167 0.00000001 0.00000278 0.00010937 0.00007712
0.00000007 0.00001533 0.00011559 0.00000069 0.00001154 0.00004503 0.00082820 0.00000003 0.00031526 0.99815892 0.00000001 0.00009989 0.00007524 0.00001521 0.00000005 0.00000012 0.00000000 0.00000074 0.00010177 0.00021631
0.00000008 0.00001917 0.00021957 0.00000037 0.00000449 0.00003818 0.00086975 0.00000003 0.00034027 0.99571645 0.00000001 0.00108573 0.00076616 0.00000212 0.00000025 0.00000002 0.00000000 0.00000170 0.00027278 0.00066286
0.00000035 0.00006868 0.00012512 0.00000056 0.00000247 0.00003085 0.00783673 0.00000006 0.00480268 0.98227032 0.00000001 0.00124045 0.00290783 0.00000136 0.00000050 0.00000001 0.00000001 0.00000069 0.00052087 0.00019046
0.00445095 0.00105865 0.00541625 0.00000718 0.00297051 0.00264074 0.00000307 0.00012517 0.00150889 0.00196945 0.00004492 0.82840895 0.00002331 0.02005634 0.00279554 0.00006564 0.00037775 0.00214241 0.12573727 0.00019702
0.13331729 0.00425237 0.03969505 0.00000105 0.04924835 0.00239273 0.00000231 0.00065440 0.00027988 0.00040160 0.00000704 0.52696567 0.00004529 0.10241183 0.07515080 0.00021322 0.00115927 0.00406400 0.05889379 0.00084407
0.02316478 0.00022864 0.00019453 0.00000039 0.00484852 0.00006274 0.00000034 0.00007123 0.00002201 0.00006984 0.00000216 0.94263987 0.00000067 0.01649452 0.00777158 0.00006673 0.00018888 0.00014716 0.00393032 0.00009510
0.13872301 0.00202506 0.00013728 0.00000063 0.00499996 0.00007626 0.00000141 0.00019078 0.00002364 0.00003862 0.00000249 0.60088155 0.00000278 0.23499642 0.01510460 0.00013996 0.00007821 0.00024032 0.00227545 0.00006155
0.02158754 0.00974334 0.00024664 0.00000797 0.00153220 0.00075166 0.00000120 0.00047851 0.00033442 0.00023340 0.00000897 0.89306697 0.00004433 0.05534573 0.00617734 0.00034826 0.00047162 0.00080900 0.00874195 0.00006896
0.16492209 0.05577653 0.02551125 0.00002417 0.00097516 0.00436324 0.00000061 0.00291105 0.00174930 0.00032931 0.00001898 0.15919121 0.00097569 0.48991594 0.02927401 0.00008975 0.00302599 0.00141765 0.05944076 0.00008730
0.32405234 0.01220814 0.01070915 0.00007465 0.00143690 0.00058687 0.00000213 0.00408857 0.00668182 0.00075085 0.00014062 0.48188842 0.00232511 0.05511078 0.01520313 0.00006025 0.00106525 0.00252553 0.08099541 0.00009408
0.58099589 0.01434837 0.02548212 0.00002657 0.00058674 0.00323695 0.00000122 0.00302783 0.01415810 0.00236044 0.00014302 0.02949234 0.00042514 0.08733275 0.06648359 0.00009816 0.00028559 0.00345470 0.16747843 0.00058204
0.00000013 0.00000738 0.00001583 0.00000000 0.00000000 0.00000609 0.00000003 0.00020418 0.00000138 0.00000000 0.00000066 0.00000000 0.00000000 0.00016282 0.00000566 0.99677003 0.00273736 0.00008749 0.00000093 0.00000004
0.00000059 0.00001317 0.00004554 0.00000000 0.00000000 0.00000280 0.00000011 0.00042557 0.00000171 0.00000001 0.00000387 0.00000002 0.00000003 0.00181780 0.00020098 0.99426550 0.00243189 0.00075664 0.00003351 0.00000027
0.00000123 0.00001945 0.00001983 0.00000000 0.00000000 0.00000187 0.00000014 0.00005288 0.00001059 0.00000008 0.00000322 0.00000002 0.00000039 0.00149766 0.00002104 0.99705840 0.00102878 0.00028011 0.00000356 0.00000073
0.00000057 0.00015521 0.00005829 0.00000000 0.00000000 0.00000636 0.00000070 0.00002665 0.00002310 0.00000095 0.00000510 0.00000001 0.00000681 0.00583717 0.00001453 0.99181697 0.00049270 0.00155132 0.00000302 0.00000054
0.00000047 0.00009279 0.00002468 0.00000001 0.00000000 0.00000225 0.00000015 0.00012674 0.00001415 0.00000005 0.00001341 0.00000002 0.00000496 0.00038220 0.00000737 0.99906326 0.00011567 0.00013467 0.00001624 0.00000090
0.00000059 0.00073686 0.00013100 0.00000000 0.00000000 0.00000130 0.00000003 0.00164060 0.00000574 0.00000000 0.00019544 0.00000001 0.00000032 0.00003036 0.00002333 0.99608817 0.00039215 0.00075089 0.00000282 0.00000039
0.00000012 0.00008871 0.00000907 0.00000000 0.00000000 0.00000501 0.00000005 0.00185833 0.00000134 0.00000000 0.00001663 0.00000000 0.00000018 0.00000989 0.00001602 0.99753495 0.00019915 0.00026022 0.00000017 0.00000015
0.00000002 0.00000828 0.00000238 0.00000000 0.00000000 0.00000377 0.00000008 0.00052537 0.00000018 0.00000000 0.00000213 0.00000000 0.00000000 0.00011149 0.00001117 0.99804992 0.00116091 0.00012412 0.00000016 0.00000002
0.04536326 0.35825253 0.55411634 0.00000080 0.00000252 0.00121504 0.00000534 0.00179470 0.00026827 0.00206638 0.00003452 0.00000886 0.00067090 0.00358671 0.00836454 0.01179699 0.00001125 0.00183840 0.00088074 0.00972190
0.07957889 0.02307537 0.29127937 0.00000065 0.00000704 0.00029555 0.00000161 0.00022248 0.00075715 0.00235482 0.00001944 0.00000203 0.00011747 0.52947543 0.00475915 0.02258576 0.00004820 0.00084867 0.00555003 0.03902087
0.14367584 0.07830966 0.64934799 0.00000119 0.00003591 0.00011542 0.00000249 0.00034364 0.00754812 0.00411049 0.00001532 0.00005362 0.00018964 0.03177514 0.00302189 0.04832106 0.00027530 0.00145515 0.02868162 0.00272051
0.00707316 0.56539964 0.35075171 0.00000084 0.00000199 0.00002072 0.00000169 0.00051378 0.00075901 0.00292808 0.00000284 0.00000678 0.00011907 0.02341255 0.00331488 0.02752809 0.00024370 0.00028728 0.01578618 0.00184798
0.02135965 0.89153703 0.04753387 0.00000003 0.00000028 0.00000044 0.00000085 0.02252619 0.00043612 0.00007401 0.00000807 0.00000377 0.00000882 0.00417175 0.00260640 0.00880003 0.00017327 0.00016495 0.00007682 0.00051766
0.03736521 0.90771200 0.02655717 0.00000019 0.00000683 0.00002588 0.00000012 0.00531268 0.00022248 0.00043457 0.00001617 0.00002742 0.00002786 0.00637628 0.01420203 0.00063026 0.00010117 0.00063617 0.00019649 0.00014903
0.00341103 0.89757866 0.09522667 0.00000011 0.00000003 0.00004940 0.00000027 0.00062792 0.00022963 0.00045269 0.00000937 0.00001597 0.00013590 0.00008700 0.00075715 0.00012513 0.00000626 0.00111847 0.00011209 0.00005624
0.11772192 0.32824149 0.52256814 0.00000120 0.00000097 0.00036915 0.00000220 0.00368784 0.00012240 0.00446955 0.00004313 0.00000855 0.00040123 0.00081138 0.00601251 0.00293784 0.00001084 0.00968457 0.00089045 0.00201464
0.00000343 0.84127503 0.00096017 0.00000025 0.00000000 0.00000061 0.00000070 0.00004995 0.00001929 0.00000105 0.00000079 0.00000114 0.15698998 0.00000022 0.00044641 0.00001115 0.00000005 0.00023972 0.00000002 0.00000004
0.00029139 0.69484318 0.01018302 0.00000205 0.00000000 0.00000080 0.00000051 0.00871222 0.00004862 0.00000209 0.00001151 0.00000527 0.28048792 0.00000398 0.00043714 0.00018062 0.00000008 0.00478632 0.00000017 0.00000311
0.00000242 0.22644919 0.01529002 0.00000530 0.00000001 0.00000016 0.00000138 0.00068405 0.00096902 0.00000076 0.00000017 0.00000053 0.75607844 0.00000190 0.00032530 0.00007218 0.00000001 0.00011521 0.00000007 0.00000389
0.00004235 0.31585400 0.01620092 0.00004842 0.00000102 0.00000007 0.00003040 0.00105376 0.00018858 0.00000401 0.00000037 0.00015850 0.66537284 0.00000171 0.00060068 0.00029430 0.00000002 0.00005951 0.00000010 0.00008843
0.00004700 0.25650307 0.00274808 0.00016440 0.00000904 0.00000001 0.00000337 0.00065650 0.00053761 0.00000987 0.00000009 0.00030059 0.73783138 0.00000196 0.00106244 0.00005152 0.00000005 0.00001927 0.00000032 0.00005343
0.00019119 0.31435523 0.00295063 0.00042045 0.00001995 0.00000000 0.00002395 0.00355079 0.00020165 0.00004886 0.00000208 0.00119616 0.67528666 0.00000843 0.00107033 0.00020843 0.00000212 0.00034969 0.00000057 0.00011283
0.00002770 0.61018616 0.00164054 0.00001448 0.00000004 0.00000004 0.00001130 0.00055111 0.00002715 0.00000908 0.00000018 0.00028891 0.38675183 0.00000032 0.00040879 0.00003690 0.00000001 0.00004333 0.00000010 0.00000204
0.00051867 0.69407302 0.00237373 0.00001276 0.00000026 0.00000026 0.00002054 0.00049515 0.00002561 0.00002237 0.00004710 0.00012214 0.29266574 0.00000253 0.00077708 0.00011613 0.00000009 0.00870609 0.00000030 0.00002043
0.00000062 0.00000261 0.00000070 0.00000000 0.00000004 0.00031516 0.00000000 0.00000518 0.00000112 0.00001209 0.00000009 0.00000062 0.00000000 0.00000116 0.00000067 0.00004503 0.00002770 0.00000159 0.99957787 0.00000775
0.00000010 0.00000066 0.00000001 0.00000000 0.00000001 0.00014819 0.00000000 0.00000217 0.00000037 0.00000156 0.00000004 0.00000005 0.00000000 0.00000018 0.00000012 0.00002202 0.00001304 0.00000009 0.99981054 0.00000085
0.00000075 0.00000556 0.00000093 0.00000000 0.00000023 0.00078608 0.00000000 0.00000677 0.00000574 0.00000284 0.00000181 0.00000022 0.00000000 0.00003160 0.00000028 0.00014834 0.00127053 0.00000145 0.99773454 0.00000232
0.00000040 0.00000459 0.00000124 0.00000000 0.00000160 0.00019974 0.00000001 0.00000066 0.00000307 0.00000198 0.00000362 0.00000458 0.00000000 0.00009820 0.00000150 0.00028612 0.00116258 0.00000172 0.99821540 0.00001299
0.00000008 0.00000076 0.00000013 0.00000000 0.00000002 0.00020166 0.00000000 0.00000012 0.00000019 0.00000042 0.00000029 0.00000055 0.00000000 0.00001614 0.00000020 0.00004797 0.00003088 0.00000037 0.99969489 0.00000530
