0.43122478 0.05571078 0.00246081 0.00037746 0.00147361 0.00142766 0.00016450 0.00315742 0.00003781 0.01394259 0.03056343 0.14010521 0.00447721 0.00007363 0.00088980 0.00333971 0.00194533 0.04300233 0.26522988 0.00039605
0.35529757 0.02531755 0.00299261 0.00026753 0.00397311 0.00135573 0.00010811 0.00415537 0.00005804 0.01399405 0.01188172 0.09095882 0.00066664 0.00016767 0.00037534 0.00293728 0.00326242 0.01643272 0.46495162 0.00084610
0.21292933 0.02167616 0.00628099 0.00110846 0.00108246 0.00775597 0.00065799 0.00565378 0.00045137 0.03446887 0.02146830 0.13374850 0.00130048 0.00382031 0.00241908 0.01331933 0.00900452 0.02035762 0.49802951 0.00446696
0.27375898 0.02054093 0.00795256 0.00055484 0.00823931 0.00365634 0.00247830 0.00685540 0.00103183 0.05312106 0.05112895 0.08279655 0.00349417 0.00545992 0.00685474 0.00964018 0.01062395 0.02315236 0.42088261 0.00777703
0.44138258 0.05732627 0.00203937 0.00050872 0.00626442 0.00232288 0.00064502 0.00124387 0.00110964 0.06387871 0.06211519 0.09048506 0.00453324 0.00216252 0.00417559 0.00570462 0.00325519 0.01020519 0.23811083 0.00253109
0.53473200 0.02869687 0.00138563 0.00044596 0.00360240 0.00093352 0.00009930 0.00076682 0.00013096 0.01997300 0.02169391 0.07671882 0.00224488 0.00024467 0.00053969 0.00095705 0.00153221 0.00809850 0.29679832 0.00040551
0.61459095 0.06239480 0.00113991 0.00077662 0.00045462 0.00140346 0.00006867 0.00100813 0.00009327 0.02752679 0.01776360 0.09688247 0.00580037 0.00034880 0.00091919 0.00230835 0.00082661 0.01616944 0.14932087 0.00020309
0.45737123 0.03796316 0.00100026 0.00113675 0.00123923 0.00090412 0.00008116 0.00197638 0.00005116 0.02719936 0.03352493 0.13456440 0.00584384 0.00013213 0.00040805 0.00224913 0.00208088 0.05062508 0.24123043 0.00041830
0.00623686 0.04372846 0.00465763 0.00000721 0.00012666 0.00013021 0.00208540 0.00495393 0.00007165 0.00612881 0.00085100 0.00228655 0.00087700 0.00019765 0.05544151 0.00102662 0.01341947 0.00929470 0.00253339 0.84594528
0.00062204 0.00335375 0.00187795 0.00000043 0.00009960 0.00004082 0.00293351 0.00051543 0.00002134 0.00035350 0.00023349 0.00056554 0.00013101 0.00005581 0.00814370 0.00011199 0.00173707 0.00499602 0.00016713 0.97403988
0.00076968 0.00819413 0.00412907 0.00000176 0.00054080 0.00012433 0.00154354 0.00120065 0.00003579 0.00099331 0.00126419 0.00091375 0.00032942 0.00021209 0.01782884 0.00009128 0.00292089 0.00498902 0.00117790 0.95273957
0.00003856 0.00968492 0.00044701 0.00000011 0.00000253 0.00002709 0.00014245 0.00125610 0.00001014 0.00002153 0.00047652 0.00000213 0.00004777 0.00003333 0.04418694 0.00005896 0.00039864 0.00058929 0.00004631 0.94252966
0.00057892 0.00480432 0.00101306 0.00000570 0.00004852 0.00023654 0.00036870 0.00431974 0.00007024 0.00252800 0.00057541 0.00008534 0.00028003 0.00010142 0.02313995 0.00018655 0.00077304 0.00202893 0.00071570 0.95813987
0.00133573 0.00945552 0.00210815 0.00000141 0.00003499 0.00025416 0.00079213 0.00505302 0.00012185 0.00188793 0.00146847 0.00012748 0.00079290 0.00010018 0.01791402 0.00033183 0.00105142 0.00989370 0.00072114 0.94655398
0.03309099 0.05538438 0.00936108 0.00001810 0.00050361 0.00070834 0.00100223 0.03029231 0.00016576 0.00229095 0.01569037 0.00045357 0.00132777 0.00045029 0.25719368 0.00090852 0.01188757 0.00717755 0.01358281 0.55851011
0.00063452 0.04445425 0.00523081 0.00000211 0.00000876 0.00020748 0.00037229 0.03908982 0.00004506 0.00013340 0.00488499 0.00001826 0.00030231 0.00012891 0.33210391 0.00021320 0.00491786 0.00267004 0.00062510 0.56395690
0.06046028 0.00250655 0.00000118 0.90310411 0.02795151 0.00000056 0.00000000 0.00003783 0.00000031 0.00072924 0.00000194 0.00017236 0.00001023 0.00007415 0.00000216 0.00000125 0.00000050 0.00002681 0.00490270 0.00001632
0.17434287 0.00455042 0.00000244 0.64614292 0.16642332 0.00000015 0.00000000 0.00004923 0.00000068 0.00055932 0.00000197 0.00030734 0.00002466 0.00013903 0.00000179 0.00000148 0.00000049 0.00013736 0.00729117 0.00002336
0.19850142 0.00100581 0.00000448 0.77278334 0.02610462 0.00000095 0.00000000 0.00017510 0.00000019 0.00041812 0.00000091 0.00024165 0.00000483 0.00001384 0.00000149 0.00000037 0.00000012 0.00005428 0.00068726 0.00000122
0.08947631 0.00402123 0.00001229 0.88108187 0.01967591 0.00000183 0.00000000 0.00036229 0.00000104 0.00020398 0.00000089 0.00030014 0.00007211 0.00006175 0.00000253 0.00000119 0.00000007 0.00011961 0.00460270 0.00000225
0.01480016 0.00091281 0.00000217 0.96097515 0.01806657 0.00000378 0.00000000 0.00014847 0.00000074 0.00037555 0.00000047 0.00002739 0.00002401 0.00003917 0.00000989 0.00000135 0.00000006 0.00000280 0.00460886 0.00000061
0.00081003 0.00019008 0.00000028 0.91053590 0.08192973 0.00000038 0.00000000 0.00000909 0.00000054 0.00006696 0.00000013 0.00003088 0.00000482 0.00004729 0.00000037 0.00000018 0.00000007 0.00000084 0.00637218 0.00000026
0.00532986 0.00117759 0.00000231 0.89749275 0.06606658 0.00000102 0.00000000 0.00013532 0.00000084 0.00004029 0.00000038 0.00024158 0.00000767 0.00012990 0.00000091 0.00000104 0.00000013 0.00000075 0.02936928 0.00000180
0.01638726 0.00033742 0.00000133 0.91673183 0.05784916 0.00000207 0.00000000 0.00001649 0.00000022 0.00012147 0.00000034 0.00008626 0.00000288 0.00003148 0.00000289 0.00000022 0.00000008 0.00000221 0.00842241 0.00000400
0.08196383 0.00000010 0.00000413 0.00000346 0.91566318 0.00004694 0.00000000 0.00000344 0.00000001 0.00000170 0.00000176 0.00000674 0.00000003 0.00000151 0.00000006 0.00000001 0.00000027 0.00000097 0.00230097 0.00000089
0.00630166 0.00000040 0.00000270 0.00000337 0.99252301 0.00000505 0.00000000 0.00000144 0.00000001 0.00000110 0.00000028 0.00002004 0.00000007 0.00000247 0.00000001 0.00000001 0.00000004 0.00000078 0.00113709 0.00000047
0.02550857 0.00000106 0.00000216 0.00008026 0.96712500 0.00000530 0.00000000 0.00000511 0.00000013 0.00000108 0.00000068 0.00001005 0.00000013 0.00000951 0.00000019 0.00000006 0.00000002 0.00000019 0.00724961 0.00000088
0.08244561 0.00002398 0.00006527 0.00027062 0.88652308 0.00000249 0.00000000 0.00034483 0.00000033 0.00001549 0.00000421 0.00031653 0.00000357 0.00000714 0.00000129 0.00000011 0.00000025 0.00000270 0.02987832 0.00009417
0.39106317 0.00002370 0.00002930 0.00011867 0.59144083 0.00001138 0.00000000 0.00007329 0.00000010 0.00002475 0.00000091 0.00014239 0.00000126 0.00000190 0.00000043 0.00000013 0.00000122 0.00000102 0.01704723 0.00001833
0.10919935 0.00001594 0.00001135 0.00000923 0.87253093 0.00001328 0.00000000 0.00005206 0.00000005 0.00001428 0.00003180 0.00010421 0.00000116 0.00001360 0.00000009 0.00000018 0.00001697 0.00002831 0.01765205 0.00030517
0.14307176 0.00000126 0.00000544 0.00000252 0.82653832 0.00000789 0.00000000 0.00001405 0.00000007 0.00001509 0.00005331 0.00001701 0.00000006 0.00000649 0.00000003 0.00000009 0.00000523 0.00004136 0.03020530 0.00001472
0.15216607 0.00000131 0.00000457 0.00000180 0.83150316 0.00000936 0.00000000 0.00000900 0.00000006 0.00000353 0.00005092 0.00004401 0.00000006 0.00000752 0.00000012 0.00000000 0.00000121 0.00001219 0.01617660 0.00000848
0.00003614 0.00840575 0.00122106 0.00000294 0.00000006 0.00038887 0.00000069 0.12208111 0.00004626 0.00000486 0.00050078 0.00000006 0.00036488 0.00075169 0.00445422 0.85322843 0.00112879 0.00256295 0.00025694 0.00456354
0.00014982 0.00760480 0.00779458 0.00000854 0.00000148 0.00142549 0.00000314 0.28054019 0.00022301 0.00000909 0.00376091 0.00000078 0.00071071 0.00205392 0.01053050 0.64001248 0.00774900 0.01757911 0.00038212 0.01946034
0.00120845 0.03567239 0.00760765 0.00001214 0.00000090 0.00405863 0.00000926 0.24373357 0.00251399 0.00013300 0.00051459 0.00000274 0.00083525 0.00855529 0.00777273 0.66722069 0.00699156 0.00134345 0.00151241 0.01030132
0.00063434 0.06469080 0.01967015 0.00002914 0.00001364 0.00672089 0.00000346 0.09229476 0.02937738 0.00048968 0.00067355 0.00000090 0.00146194 0.04632644 0.00509195 0.68315131 0.02267621 0.00239246 0.00194826 0.02235275
0.00014971 0.02195862 0.00194690 0.00002532 0.00000212 0.00036702 0.00000037 0.06970713 0.00022663 0.00012923 0.00090233 0.00000012 0.00061099 0.00371374 0.00300395 0.86826882 0.00596800 0.00147389 0.00028127 0.02126385
0.00002990 0.00508296 0.00070431 0.00000998 0.00000027 0.00016262 0.00000041 0.17107961 0.00009279 0.00000604 0.00014767 0.00000014 0.00082368 0.00171174 0.00096668 0.79125924 0.00299161 0.00273124 0.00002095 0.02217816
0.00000910 0.00343993 0.00033476 0.00001215 0.00000031 0.00003640 0.00000093 0.03924043 0.00001953 0.00001409 0.00003413 0.00000019 0.00016451 0.00029156 0.00163279 0.91470211 0.00083610 0.00374470 0.00007103 0.03541525
0.00001282 0.00386658 0.00131357 0.00002559 0.00000071 0.00014270 0.00000239 0.07786789 0.00007410 0.00000344 0.00011580 0.00000013 0.00048852 0.00107109 0.00086218 0.89556120 0.00020852 0.00175036 0.00022618 0.01640623
0.00007568 0.00030230 0.00080298 0.00000134 0.00000045 0.85769326 0.00000095 0.01053504 0.00255784 0.00001203 0.00000967 0.00000063 0.00046382 0.01213242 0.00036027 0.06607026 0.00110167 0.00019369 0.04698320 0.00070252
0.00040009 0.00204489 0.00145906 0.00000468 0.00000281 0.75123356 0.00000922 0.09491094 0.00637545 0.00012881 0.00042225 0.00000201 0.00132492 0.02163960 0.00783344 0.05170556 0.01048590 0.00211009 0.04586061 0.00204612
0.00018257 0.00302469 0.00085107 0.00000162 0.00000283 0.73444875 0.00000330 0.11697958 0.00364285 0.00005380 0.00012523 0.00001081 0.00125299 0.01044949 0.00235350 0.05930026 0.00186762 0.00052715 0.06427681 0.00064508
0.00032012 0.00831541 0.00095797 0.00000156 0.00000213 0.83884174 0.00000006 0.06011774 0.01067882 0.00001074 0.00051528 0.00000449 0.00135847 0.00400255 0.00378074 0.00873365 0.00672082 0.00028499 0.05503586 0.00031686
0.00000764 0.00052535 0.00009643 0.00000003 0.00000006 0.98894281 0.00000000 0.00257797 0.00216406 0.00000046 0.00001199 0.00000004 0.00006220 0.00033542 0.00033731 0.00046831 0.00027104 0.00001791 0.00416035 0.00002062
0.00001462 0.00027128 0.00035965 0.00000024 0.00000009 0.93225400 0.00000000 0.00483320 0.00128680 0.00000036 0.00005012 0.00000009 0.00009322 0.00055123 0.00015713 0.00102053 0.00079136 0.00000755 0.05799989 0.00030863
0.00006425 0.00074595 0.00297685 0.00000039 0.00000006 0.92685139 0.00000003 0.00251829 0.01229016 0.00000698 0.00002735 0.00000004 0.00063280 0.00136234 0.00129411 0.00968591 0.00064883 0.00002195 0.04073522 0.00013709
0.00006767 0.00039632 0.00099588 0.00000021 0.00000003 0.90227418 0.00000003 0.00616941 0.00025793 0.00000311 0.00001259 0.00000012 0.00013396 0.00023157 0.00044554 0.01719328 0.00185904 0.00012151 0.06952909 0.00030851
0.05126077 0.18571901 0.00995094 0.01405577 0.00120220 0.00000369 0.00000380 0.00109264 0.00001175 0.00056993 0.00005205 0.67165163 0.05316759 0.00003018 0.00134339 0.00006888 0.00000077 0.00818705 0.00030577 0.00132222
0.03276723 0.04464174 0.00214051 0.00551666 0.00207970 0.00001213 0.00000357 0.00748834 0.00000609 0.00050201 0.00008461 0.55859174 0.33087685 0.00002764 0.00155657 0.00008429 0.00000746 0.01154719 0.00009694 0.00196875
0.07296853 0.08446500 0.00591316 0.00744161 0.00291093 0.00000408 0.00000260 0.00080348 0.00000550 0.00016103 0.00008554 0.65732240 0.14935451 0.00000239 0.00355413 0.00001011 0.00000762 0.01445909 0.00004325 0.00048503
0.07302937 0.26987751 0.01730032 0.04224599 0.00640610 0.00000875 0.00000159 0.00329035 0.00001475 0.00133306 0.00013539 0.38267924 0.17812936 0.00000541 0.00674670 0.00007808 0.00001016 0.01786913 0.00035816 0.00048057
0.21257055 0.21885659 0.03825813 0.07800419 0.02576236 0.00005650 0.00000211 0.00540170 0.00000674 0.00044804 0.00007523 0.32472766 0.02662855 0.00002209 0.01295386 0.00035149 0.00002947 0.05522560 0.00040172 0.00021740
0.00293088 0.00228363 0.00059253 0.00339915 0.00415957 0.00000122 0.00000006 0.00005147 0.00000030 0.00012277 0.00001181 0.98416165 0.00048535 0.00001108 0.00027543 0.00000423 0.00000011 0.00125813 0.00023673 0.00001391
0.00166169 0.00289631 0.00038899 0.00077449 0.00044772 0.00000205 0.00000007 0.00002898 0.00000033 0.00012677 0.00000128 0.99280171 0.00048120 0.00000055 0.00005355 0.00000155 0.00000001 0.00027897 0.00003506 0.00001871
0.00989339 0.07310210 0.00015607 0.00205947 0.00051459 0.00000297 0.00000027 0.00003300 0.00000173 0.00115147 0.00000031 0.90888602 0.00245629 0.00000110 0.00006444 0.00000045 0.00000001 0.00154088 0.00011958 0.00001586
0.00000757 0.01291365 0.00056841 0.00000012 0.00000026 0.00001315 0.00000177 0.00010750 0.98157414 0.00041611 0.00000206 0.00000085 0.00278430 0.00042784 0.00004604 0.00025237 0.00005937 0.00000091 0.00081136 0.00001221
0.00017105 0.01283384 0.00974591 0.00000068 0.00000254 0.00004830 0.00000274 0.00009677 0.96083207 0.00338882 0.00007591 0.00000466 0.00130389 0.00484219 0.00137722 0.00134705 0.00019257 0.00001970 0.00319480 0.00051930
0.00013040 0.00081158 0.00471626 0.00000048 0.00000244 0.00005064 0.00000006 0.00086752 0.98238477 0.00010674 0.00000644 0.00000202 0.00023786 0.00425895 0.00134893 0.00011246 0.00001522 0.00000162 0.00485841 0.00008721
0.00152495 0.00363868 0.00505934 0.00000262 0.00004913 0.00007087 0.00000005 0.00122189 0.91804667 0.00099876 0.00008115 0.00019676 0.00216298 0.03372912 0.00335724 0.00004755 0.00025707 0.00000682 0.02930801 0.00024035
0.00044947 0.00440308 0.00101521 0.00000436 0.00000478 0.00003793 0.00000007 0.00020488 0.98232594 0.00040637 0.00000298 0.00010579 0.00187663 0.00699107 0.00044600 0.00000383 0.00003321 0.00000343 0.00164102 0.00004394
0.00093363 0.05594337 0.00084453 0.00004098 0.00001605 0.00001850 0.00000147 0.00051564 0.90861760 0.00581299 0.00000319 0.00032323 0.01685677 0.00777695 0.00062545 0.00011202 0.00024431 0.00006846 0.00111568 0.00012916
0.00006749 0.03564595 0.00062010 0.00000203 0.00000849 0.00000929 0.00000267 0.00008710 0.93986702 0.00134967 0.00000154 0.00007748 0.01747266 0.00280418 0.00064421 0.00016518 0.00011646 0.00001027 0.00104004 0.00000816
0.00004936 0.00689753 0.00078777 0.00000180 0.00000152 0.00000202 0.00000715 0.00005520 0.98517405 0.00030579 0.00000655 0.00000682 0.00259990 0.00320297 0.00001501 0.00044692 0.00014255 0.00000263 0.00025064 0.00004380
0.00077185 0.44676570 0.00019733 0.00046411 0.00010658 0.00149044 0.00006149 0.05589989 0.00055332 0.00128346 0.00196732 0.00020911 0.04034704 0.00300563 0.00259593 0.27673854 0.14820043 0.01798317 0.00104386 0.00031479
0.00143834 0.54362326 0.00034972 0.00150183 0.00230427 0.00040806 0.00015712 0.05578147 0.00128142 0.00831269 0.00368194 0.00287582 0.02232055 0.00403820 0.00419391 0.23743855 0.07151804 0.01800395 0.01899822 0.00177262
0.00109066 0.33853245 0.00046441 0.00034996 0.00049503 0.00098782 0.00026811 0.02552746 0.00040794 0.00153248 0.00234882 0.00061020 0.01726709 0.00193229 0.00094334 0.46374977 0.10825947 0.02390121 0.01047598 0.00085551
0.00035902 0.57636830 0.00021212 0.00061951 0.00202686 0.00049011 0.00010105 0.00897500 0.00062115 0.00175909 0.00203114 0.00636304 0.01421004 0.00182100 0.00154055 0.16793454 0.12458699 0.02911620 0.06034235 0.00052193
0.00070376 0.62982089 0.00101819 0.00039539 0.00023190 0.00097002 0.00002270 0.03344667 0.00054666 0.00140132 0.00957296 0.00122112 0.06939762 0.00132389 0.00258487 0.19985001 0.02140582 0.01948032 0.00645484 0.00015106
0.00212702 0.40018656 0.00132214 0.00692513 0.00041884 0.00102193 0.00007629 0.06920289 0.00439137 0.00556218 0.00498502 0.00599048 0.28781405 0.00574663 0.01438273 0.02460293 0.01699568 0.05486115 0.09267184 0.00071514
0.00412630 0.46606918 0.00110105 0.00073651 0.00025624 0.00177169 0.00003031 0.15642347 0.00170291 0.00365196 0.00426040 0.00077040 0.06232112 0.00861876 0.01404890 0.10793975 0.04638121 0.11001801 0.00914088 0.00063093
0.00197886 0.42262033 0.00023375 0.00453934 0.00153009 0.00163503 0.00016614 0.05223644 0.00147339 0.00322100 0.00403734 0.00803676 0.04683987 0.00836277 0.01415521 0.10728061 0.24304956 0.04355642 0.03371733 0.00132978
0.65709243 0.00019240 0.00015185 0.00006058 0.00016522 0.00000501 0.00000001 0.00001057 0.00001306 0.00044185 0.00000096 0.33545814 0.00000016 0.00299569 0.00009958 0.00000153 0.00000035 0.00004083 0.00326614 0.00000364
0.94813146 0.00009092 0.00000721 0.00021645 0.00044542 0.00000312 0.00000000 0.00000476 0.00002234 0.00016879 0.00000022 0.04726644 0.00000014 0.00132272 0.00002344 0.00000014 0.00000006 0.00001706 0.00227123 0.00000807
0.97553463 0.00006845 0.00000579 0.00010418 0.00141070 0.00000053 0.00000000 0.00000073 0.00000126 0.00005044 0.00000005 0.02078223 0.00000017 0.00192187 0.00003742 0.00000001 0.00000003 0.00000448 0.00007633 0.00000069
0.94428696 0.00002924 0.00000152 0.00008480 0.00044708 0.00000085 0.00000000 0.00000097 0.00000054 0.00007637 0.00000002 0.05439577 0.00000066 0.00061259 0.00000886 0.00000000 0.00000001 0.00000167 0.00005139 0.00000070
0.97271963 0.00000180 0.00000036 0.00001002 0.00004597 0.00000023 0.00000000 0.00000012 0.00000035 0.00003415 0.00000002 0.02641861 0.00000009 0.00073865 0.00000234 0.00000000 0.00000001 0.00000089 0.00002676 0.00000000
0.94810451 0.00000213 0.00000123 0.00000329 0.00001371 0.00000023 0.00000000 0.00000024 0.00000077 0.00000710 0.00000000 0.05150875 0.00000001 0.00028487 0.00000374 0.00000001 0.00000000 0.00000148 0.00006790 0.00000001
0.98875914 0.00001844 0.00001464 0.00000549 0.00002746 0.00000176 0.00000000 0.00000110 0.00000063 0.00000321 0.00000001 0.00931637 0.00000001 0.00175015 0.00000785 0.00000006 0.00000000 0.00000201 0.00009166 0.00000002
0.98500161 0.00005247 0.00003598 0.00003646 0.00006127 0.00001250 0.00000000 0.00001582 0.00002035 0.00017056 0.00000013 0.00985580 0.00000003 0.00428249 0.00001641 0.00000033 0.00000006 0.00001145 0.00042539 0.00000089
0.00000396 0.00134943 0.00018497 0.00003443 0.00003143 0.00000163 0.00000859 0.00000344 0.00000332 0.98725524 0.00000001 0.00160369 0.00117079 0.00000007 0.00000554 0.00000001 0.00000001 0.00001111 0.00056120 0.00777113
0.00000224 0.00605193 0.00040648 0.00008999 0.00059659 0.00000590 0.00019645 0.00001466 0.00001171 0.92621054 0.00000026 0.00819848 0.00905457 0.00000010 0.00003403 0.00000004 0.00000010 0.00004617 0.00377347 0.04530629
0.00000208 0.00466030 0.00198680 0.00029083 0.00161759 0.00008460 0.00103816 0.00001881 0.00003896 0.65034655 0.00000044 0.07370041 0.06658705 0.00000026 0.00016061 0.00000017 0.00000003 0.00002152 0.03401673 0.16542810
0.00000789 0.01748236 0.00232220 0.00005808 0.00044761 0.00021290 0.00053936 0.00002240 0.00004538 0.56776931 0.00000128 0.08865543 0.00630062 0.00000046 0.00063320 0.00000043 0.00000010 0.00006020 0.12570195 0.18973883
0.00001828 0.01236331 0.00147718 0.00014686 0.00130622 0.00126372 0.00060890 0.00000720 0.00046499 0.46659658 0.00000042 0.05288465 0.00404267 0.00000153 0.00053335 0.00000022 0.00000004 0.00002292 0.29109361 0.16716735
0.00011379 0.01464981 0.00047728 0.00007496 0.00027461 0.00045742 0.00013276 0.00007289 0.00001462 0.85045947 0.00000221 0.01717596 0.00464158 0.00000015 0.00056698 0.00000004 0.00000003 0.00001776 0.05643463 0.05443304
0.00001025 0.02867474 0.00070007 0.00040787 0.00012774 0.00014322 0.00001498 0.00002680 0.00001152 0.92153436 0.00000046 0.00882515 0.00518139 0.00000008 0.00010215 0.00000005 0.00000002 0.00003597 0.02086598 0.01333721
0.00004523 0.01423512 0.00116172 0.00044021 0.00003464 0.00004765 0.00007950 0.00014150 0.00002707 0.65203400 0.00000194 0.00639267 0.01651175 0.00000016 0.00014363 0.00000027 0.00000004 0.00012581 0.01220641 0.29637069
0.11090980 0.03251747 0.00504446 0.00047913 0.00264138 0.00057724 0.00038984 0.02461823 0.00082800 0.00361624 0.09491058 0.00770200 0.00110682 0.03606931 0.01864790 0.02237976 0.20188903 0.02966995 0.25915423 0.14684861
0.03516051 0.02357943 0.00815790 0.00013172 0.00134495 0.00110707 0.00063977 0.02616648 0.00056940 0.00308013 0.07143781 0.00175156 0.00053909 0.01390841 0.01856050 0.00833409 0.09549174 0.06912710 0.43514959 0.18576274
0.07548049 0.08560706 0.01134733 0.00066551 0.00498499 0.00047698 0.00418563 0.02236088 0.00080331 0.00685754 0.18350204 0.01001848 0.00525499 0.01846494 0.01649978 0.02313486 0.10990264 0.04043997 0.28257719 0.09743540
0.06902969 0.04460687 0.01155209 0.00007589 0.00066756 0.00062962 0.00066488 0.02079185 0.00042192 0.00112247 0.19124275 0.00485048 0.00179390 0.00182913 0.01351426 0.01337296 0.08844823 0.05261116 0.41527399 0.06750031
0.16761161 0.01262110 0.00389132 0.00013582 0.00105197 0.00077716 0.00014789 0.00873280 0.00053989 0.00100345 0.05842553 0.00386401 0.00031449 0.01012103 0.00258690 0.01288924 0.18729814 0.02331916 0.48484563 0.01982283
0.11180631 0.00309456 0.00565083 0.00015874 0.00128122 0.00093283 0.00011051 0.01127394 0.00026139 0.00203819 0.11354989 0.00531670 0.00013079 0.01846159 0.01387050 0.00354228 0.31739666 0.02209124 0.33310682 0.03592501
0.28616937 0.01549024 0.00708772 0.00047852 0.00368549 0.00095914 0.00083102 0.01249296 0.00044344 0.00418909 0.15466918 0.00792628 0.00188172 0.00788399 0.01826426 0.00595312 0.14111820 0.03474351 0.25323510 0.04249766
0.08760003 0.02279421 0.00333763 0.00009750 0.00061182 0.00094571 0.00026422 0.07452051 0.00037972 0.00032968 0.26339948 0.00082588 0.00048678 0.00447509 0.06040134 0.00573696 0.15792208 0.01882852 0.24059131 0.05645152
0.46609570 0.02715311 0.00202443 0.00062996 0.00023460 0.01655304 0.00000088 0.00003483 0.00905364 0.04672162 0.00000607 0.27206849 0.00008578 0.00180549 0.00839738 0.00002855 0.00000213 0.00043347 0.14866980 0.00000105
0.28670705 0.03596097 0.00049007 0.00929860 0.00047023 0.00198304 0.00000036 0.00001720 0.05392538 0.05947921 0.00002322 0.37532580 0.00004285 0.00452625 0.00712857 0.00002285 0.00002684 0.00018579 0.16438398 0.00000175
0.58808581 0.00722556 0.00423787 0.00190413 0.00020192 0.00692594 0.00000026 0.00003279 0.05163985 0.00578927 0.00000680 0.22581610 0.00009483 0.00302494 0.01247701 0.00000130 0.00000309 0.00010344 0.09242591 0.00000317
0.15045998 0.02284633 0.00275275 0.00346897 0.00141304 0.01121327 0.00000218 0.00005045 0.06909669 0.03952576 0.00000835 0.21966740 0.00003041 0.00714719 0.12827308 0.00000245 0.00000725 0.00004884 0.34395513 0.00003048
0.09559178 0.01132715 0.00568579 0.00117517 0.00028950 0.00958455 0.00000365 0.00002041 0.02118322 0.04080497 0.00000506 0.59201174 0.00024969 0.00099573 0.03980397 0.00000043 0.00000056 0.00026737 0.18099128 0.00000796
0.09088850 0.00331272 0.00188731 0.00119146 0.00036007 0.00340593 0.00000134 0.00002700 0.01597480 0.01538366 0.00000881 0.68798972 0.00013185 0.00140054 0.00185079 0.00000133 0.00000317 0.00009642 0.17607845 0.00000613
0.27275282 0.00163245 0.00065458 0.00014922 0.00027627 0.00037468 0.00000042 0.00002183 0.00988726 0.00322191 0.00000098 0.69659820 0.00010097 0.00046883 0.00140626 0.00000037 0.00000009 0.00017436 0.01227728 0.00000121
0.45456331 0.00193551 0.00015490 0.00109004 0.00031936 0.00099845 0.00000068 0.00002039 0.01319442 0.02953494 0.00001670 0.42666991 0.00002946 0.00555767 0.00089610 0.00000812 0.00000414 0.00051183 0.06449224 0.00000181
0.16550010 0.02121769 0.01251649 0.00004061 0.00034954 0.00038025 0.00021397 0.05054242 0.00104213 0.00284898 0.02907168 0.00302281 0.00173510 0.00918924 0.02218629 0.00079645 0.12640983 0.01628704 0.37935990 0.15728948
0.04167204 0.00309129 0.00951432 0.00001575 0.00050166 0.00052386 0.00019180 0.00965915 0.00041588 0.00075939 0.03317588 0.00032536 0.00011896 0.00341894 0.01638353 0.00020851 0.04815764 0.00449953 0.28017836 0.54718816
0.06909645 0.01214338 0.00951094 0.00005867 0.00116940 0.00160797 0.00048916 0.04007224 0.00053114 0.00232677 0.02409249 0.00186840 0.00106487 0.00836651 0.01732609 0.00030873 0.05934981 0.00510338 0.38807926 0.35743432
0.00810504 0.00236949 0.00186052 0.00000312 0.00007982 0.00037311 0.00000446 0.15489725 0.00026144 0.00003319 0.04837007 0.00003266 0.00004440 0.00128520 0.02282640 0.00005139 0.01254561 0.00339316 0.43187082 0.31159283
0.02896390 0.00823359 0.00175601 0.00002359 0.00034870 0.00009913 0.00003925 0.03185068 0.00145170 0.00053471 0.05027934 0.00131156 0.00038137 0.00419790 0.00893984 0.00038468 0.01838087 0.00175804 0.47792663 0.36313852
0.00764832 0.00196997 0.00149510 0.00000541 0.00011168 0.00018853 0.00000941 0.01782126 0.00049228 0.00023563 0.00940042 0.00006958 0.00005043 0.00095727 0.00251286 0.00005043 0.00310928 0.00151066 0.48004156 0.47231992
0.03586829 0.00778450 0.00320770 0.00004238 0.00204983 0.00043329 0.00013927 0.04537479 0.00151972 0.00181217 0.02879877 0.00082664 0.00061683 0.00978111 0.00455933 0.00014180 0.06982411 0.00310884 0.56641466 0.21769598
0.02215456 0.00953386 0.00484385 0.00000633 0.00006167 0.00046269 0.00004162 0.14875464 0.00049327 0.00008308 0.05912474 0.00007546 0.00017345 0.00110912 0.01898034 0.00008503 0.05622719 0.00261425 0.39643967 0.27873516
0.00001974 0.00018532 0.00048881 0.00003152 0.00000382 0.00021652 0.00304328 0.00000160 0.00026615 0.98315038 0.00000007 0.00234847 0.00452626 0.00000730 0.00001169 0.00000248 0.00000013 0.00002160 0.00129919 0.00437566
0.00001922 0.00007793 0.00035810 0.00000929 0.00001074 0.00003942 0.00069454 0.00000125 0.00007002 0.99347624 0.00000002 0.00056127 0.00032460 0.00000542 0.00000160 0.00000196 0.00000005 0.00001448 0.00367135 0.00066250
0.00006530 0.00038831 0.00038413 0.00000853 0.00001375 0.00001640 0.00107792 0.00000134 0.00027065 0.99632818 0.00000008 0.00003973 0.00040214 0.00002735 0.00000668 0.00000242 0.00000013 0.00012518 0.00051584 0.00032593
0.00014151 0.00216885 0.00771919 0.00003519 0.00001643 0.00009567 0.00428842 0.00000748 0.00360315 0.97118409 0.00000059 0.00052964 0.00330964 0.00040784 0.00002207 0.00002471 0.00000280 0.00063133 0.00394883 0.00186255
0.00060177 0.00741136 0.03070151 0.00003139 0.00009936 0.00003406 0.00477461 0.00000997 0.00898963 0.92605834 0.00000313 0.00927637 0.00685550 0.00036146 0.00031056 0.00004301 0.00000399 0.00043247 0.00345762 0.00054390
0.00048202 0.00358353 0.01433848 0.00002720 0.00010610 0.00001922 0.00076947 0.00000419 0.00038203 0.94832418 0.00000646 0.01444445 0.00472493 0.00008092 0.00005039 0.00002425 0.00000061 0.00018000 0.01211121 0.00034035
0.00059913 0.00258208 0.00540287 0.00004867 0.00003846 0.00037516 0.02647038 0.00001786 0.00221249 0.93641308 0.00000387 0.00483930 0.01620905 0.00031280 0.00010356 0.00003928 0.00000128 0.00016181 0.00262452 0.00154433
0.00002896 0.00013623 0.00037214 0.00000785 0.00001509 0.00107038 0.00150377 0.00000063 0.00011390 0.98937206 0.00000019 0.00195843 0.00066140 0.00005294 0.00000775 0.00000453 0.00000009 0.00004899 0.00253952 0.00210515
0.00000032 0.00040328 0.00164208 0.00000000 0.00000000 0.06635017 0.00000018 0.00001722 0.92889277 0.00000011 0.00000264 0.00000000 0.00001489 0.00196574 0.00007898 0.00030574 0.00014755 0.00000453 0.00016975 0.00000404
0.00000023 0.00022107 0.00024561 0.00000000 0.00000000 0.02755455 0.00000004 0.00000716 0.96228817 0.00000036 0.00001712 0.00000001 0.00003179 0.00351197 0.00002991 0.00011238 0.00138791 0.00000721 0.00458205 0.00000244
0.00000331 0.00024744 0.00064625 0.00000000 0.00000001 0.01786856 0.00000041 0.00001348 0.95483963 0.00000432 0.00000742 0.00000003 0.00008524 0.02394564 0.00003242 0.00035901 0.00071195 0.00001132 0.00122042 0.00000315
0.00000152 0.00213851 0.00056164 0.00000000 0.00000003 0.01076079 0.00000158 0.00004072 0.95777902 0.00000168 0.00002258 0.00000008 0.00030963 0.01556585 0.00001772 0.00397650 0.00197956 0.00001647 0.00682116 0.00000494
0.00000058 0.00324585 0.00066077 0.00000000 0.00000000 0.00676925 0.00000413 0.00001665 0.97625458 0.00000246 0.00017255 0.00000001 0.00001816 0.00813408 0.00000717 0.00254389 0.00102904 0.00002115 0.00111087 0.00000881
0.00000027 0.00051417 0.00034349 0.00000000 0.00000000 0.00494065 0.00000094 0.00000772 0.98887869 0.00000090 0.00007160 0.00000002 0.00003256 0.00113196 0.00000425 0.00022753 0.00067085 0.00000810 0.00315668 0.00000961
0.00000018 0.00051267 0.00151774 0.00000000 0.00000000 0.00667383 0.00000011 0.00000338 0.99047326 0.00000028 0.00001128 0.00000000 0.00000379 0.00062581 0.00001758 0.00004347 0.00003847 0.00000172 0.00007559 0.00000084
0.00000006 0.00050388 0.00094897 0.00000000 0.00000000 0.02175962 0.00000004 0.00000700 0.97483015 0.00000023 0.00002674 0.00000000 0.00000740 0.00047310 0.00011592 0.00034563 0.00052976 0.00000393 0.00044370 0.00000385
0.00197013 0.05329450 0.01330695 0.00000448 0.00044564 0.00437178 0.00022871 0.02424903 0.01447865 0.00056136 0.00070699 0.04985963 0.00061099 0.22630392 0.01098280 0.07753151 0.00847008 0.04887076 0.46274204 0.00101006
0.00443915 0.07014870 0.00899926 0.00003760 0.00086542 0.00009541 0.00049169 0.09217432 0.00570055 0.00069301 0.00045487 0.12694469 0.00708849 0.17807113 0.00353768 0.42980526 0.00948347 0.03584184 0.02430760 0.00081988
0.02742575 0.05877032 0.01309505 0.00027179 0.00251771 0.00010110 0.00021949 0.03385719 0.00414882 0.00100392 0.00061693 0.19011922 0.02504095 0.06364268 0.00345069 0.49939014 0.01114036 0.06139353 0.00352296 0.00027140
0.04334398 0.12443871 0.02071305 0.00021761 0.00263592 0.00078224 0.00024254 0.03176353 0.04601454 0.00174117 0.00150857 0.42152202 0.03833724 0.05754341 0.00356489 0.14011797 0.00741057 0.04772948 0.01024273 0.00012981
0.02868926 0.03458167 0.01193449 0.00009497 0.00048632 0.00844057 0.00018098 0.02717155 0.07056680 0.00160503 0.00033287 0.00532711 0.00186139 0.26212507 0.00573445 0.51140937 0.00126902 0.00149340 0.02659175 0.00010394
0.00461202 0.02513755 0.00108306 0.00002459 0.00034157 0.01281531 0.00004623 0.00603258 0.06575558 0.01570616 0.00014430 0.00110431 0.00023271 0.52881082 0.00339160 0.06299981 0.00090355 0.00120965 0.26960943 0.00003918
0.00110121 0.00209803 0.00052499 0.00000627 0.00006557 0.00533372 0.00002985 0.00183054 0.01040238 0.00374649 0.00000535 0.00048160 0.00007014 0.05504401 0.00020935 0.00538774 0.00040412 0.00112260 0.91210775 0.00002830
0.00349043 0.01103555 0.00114102 0.00000043 0.00011467 0.00194316 0.00002045 0.00269323 0.00522902 0.00197348 0.00013643 0.00445250 0.00008141 0.04537452 0.00224605 0.01986085 0.00086925 0.00376480 0.89550551 0.00006725
0.00001409 0.00036857 0.00037123 0.00001029 0.00000597 0.00003621 0.00379668 0.00000050 0.00080065 0.99109853 0.00000007 0.00034607 0.00169567 0.00007416 0.00000281 0.00000075 0.00000012 0.00000165 0.00124636 0.00012961
0.00000797 0.00244118 0.00029237 0.00002312 0.00001701 0.00048977 0.00857566 0.00000226 0.00534516 0.97315175 0.00000012 0.00075655 0.00461253 0.00003416 0.00001101 0.00000140 0.00000037 0.00000791 0.00387996 0.00034975
0.00002913 0.00181646 0.00038385 0.00000639 0.00001094 0.00011793 0.00269515 0.00000404 0.00122612 0.99261500 0.00000028 0.00021063 0.00041535 0.00001627 0.00000571 0.00000348 0.00000059 0.00002839 0.00029772 0.00011659
0.00000790 0.00122198 0.00119045 0.00003335 0.00003381 0.00029022 0.00451574 0.00000609 0.00174084 0.98757907 0.00000012 0.00028534 0.00251594 0.00003436 0.00000621 0.00000652 0.00000070 0.00001107 0.00026683 0.00025346
0.00001521 0.00029224 0.00039140 0.00001333 0.00007252 0.00007201 0.01062757 0.00000284 0.00080477 0.98217120 0.00000030 0.00194489 0.00212708 0.00033326 0.00000112 0.00001635 0.00000033 0.00001784 0.00091343 0.00018230
0.00000263 0.00014519 0.00080453 0.00001302 0.00008784 0.00025377 0.00565084 0.00000122 0.00145703 0.98852888 0.00000019 0.00073264 0.00076619 0.00011798 0.00000142 0.00000287 0.00000015 0.00000822 0.00099666 0.00042872
0.00000182 0.00013206 0.00089783 0.00000724 0.00003135 0.00021244 0.00378681 0.00000076 0.00137729 0.98485899 0.00000014 0.00282274 0.00353987 0.00002009 0.00000469 0.00000067 0.00000006 0.00001357 0.00146813 0.00082344
0.00000650 0.00067339 0.00054494 0.00000954 0.00002225 0.00015965 0.03362693 0.00000176 0.01286890 0.93489475 0.00000014 0.00346478 0.01108433 0.00001618 0.00000842 0.00000039 0.00000027 0.00000760 0.00226470 0.00034457
0.00994778 0.00253558 0.01457039 0.00010868 0.00738781 0.00544473 0.00002761 0.00077797 0.00458661 0.00523469 0.00020002 0.57455413 0.00017733 0.03702252 0.00527065 0.00059646 0.00189015 0.00297062 0.32631712 0.00037915
0.17464539 0.00635938 0.07148097 0.00001956 0.07671544 0.00504745 0.00001531 0.00247646 0.00082127 0.00102625 0.00004053 0.37255418 0.00033134 0.10503852 0.06998731 0.00112570 0.00347996 0.00549631 0.10242206 0.00091661
0.07201140 0.00116237 0.00126702 0.00001268 0.01459862 0.00046003 0.00000598 0.00061050 0.00025082 0.00046206 0.00002781 0.83139023 0.00001686 0.03494344 0.02135259 0.00047694 0.00139377 0.00057464 0.01870706 0.00027518
0.24182043 0.00483904 0.00101075 0.00001235 0.01179230 0.00039103 0.00001305 0.00102601 0.00012661 0.00030677 0.00002422 0.50464253 0.00004086 0.19704130 0.02459833 0.00056291 0.00036400 0.00047307 0.01077875 0.00013570
0.06395900 0.02406500 0.00233516 0.00014964 0.00586252 0.00295987 0.00001302 0.00266467 0.00195759 0.00179408 0.00008320 0.74894754 0.00045385 0.07416940 0.01438018 0.00186536 0.00162789 0.00169424 0.05078879 0.00022898
0.18973648 0.07792980 0.06828384 0.00025344 0.00375211 0.00898745 0.00000571 0.00700668 0.00463170 0.00124008 0.00009816 0.19200677 0.00361150 0.26980994 0.02977365 0.00053282 0.00697674 0.00313940 0.13202115 0.00020259
0.23537026 0.01884437 0.02450463 0.00051614 0.00389934 0.00140442 0.00001807 0.00922854 0.01222859 0.00298858 0.00049397 0.42845256 0.00748320 0.06265258 0.01947842 0.00042111 0.00302515 0.00446720 0.16433081 0.00019206
0.43543323 0.01746888 0.03477315 0.00024472 0.00193765 0.00588492 0.00001139 0.00576423 0.02071668 0.00450294 0.00061828 0.04894468 0.00172280 0.06522953 0.06321071 0.00068207 0.00106717 0.00392194 0.28690172 0.00096333
0.00000184 0.00004191 0.00009084 0.00000000 0.00000000 0.00003386 0.00000059 0.00079281 0.00001267 0.00000014 0.00000672 0.00000002 0.00000009 0.00063935 0.00002402 0.99285367 0.00530232 0.00018377 0.00001503 0.00000034
0.00000918 0.00007061 0.00029711 0.00000001 0.00000000 0.00002709 0.00000194 0.00148255 0.00001870 0.00000033 0.00004407 0.00000044 0.00000083 0.00776123 0.00076663 0.98174693 0.00587073 0.00160574 0.00029381 0.00000206
0.00001693 0.00011665 0.00011858 0.00000012 0.00000003 0.00002045 0.00000219 0.00026884 0.00007900 0.00000181 0.00002599 0.00000053 0.00000524 0.00386643 0.00009372 0.99093156 0.00371221 0.00068358 0.00005125 0.00000488
0.00000835 0.00074570 0.00028417 0.00000019 0.00000003 0.00004944 0.00000713 0.00015980 0.00017748 0.00001479 0.00002711 0.00000021 0.00005466 0.01100885 0.00005930 0.98343086 0.00140127 0.00252256 0.00004422 0.00000389
0.00000661 0.00042704 0.00013390 0.00000043 0.00000003 0.00001560 0.00000257 0.00077647 0.00008725 0.00000114 0.00008127 0.00000054 0.00004384 0.00128515 0.00003582 0.99602357 0.00051473 0.00037504 0.00018313 0.00000588
0.00001122 0.00288584 0.00079563 0.00000012 0.00000002 0.00001546 0.00000064 0.00523465 0.00005767 0.00000017 0.00100198 0.00000042 0.00000575 0.00019148 0.00012942 0.98581984 0.00190844 0.00190033 0.00003687 0.00000406
0.00000283 0.00048074 0.00007209 0.00000003 0.00000000 0.00005663 0.00000089 0.00575883 0.00001449 0.00000007 0.00009582 0.00000007 0.00000322 0.00006185 0.00008887 0.99195497 0.00076315 0.00063962 0.00000408 0.00000174
0.00000049 0.00005540 0.00001884 0.00000000 0.00000000 0.00002567 0.00000093 0.00179675 0.00000279 0.00000004 0.00001873 0.00000000 0.00000009 0.00033751 0.00005382 0.99512986 0.00231470 0.00024061 0.00000355 0.00000021
0.06269192 0.34694100 0.49151028 0.00001397 0.00002537 0.00411105 0.00003368 0.00646056 0.00115127 0.00576168 0.00011127 0.00009092 0.00201448 0.00998857 0.01660849 0.03179108 0.00008352 0.00430898 0.00370176 0.01260014
0.08355634 0.02808302 0.18461171 0.00001157 0.00004269 0.00125626 0.00001211 0.00072670 0.00265609 0.00643010 0.00007360 0.00003087 0.00046717 0.59402301 0.00598909 0.05308104 0.00023787 0.00132718 0.01353089 0.02385270
0.16819658 0.06179667 0.53308657 0.00001607 0.00016618 0.00056074 0.00001526 0.00109894 0.01181425 0.00919351 0.00004617 0.00040113 0.00054783 0.06477580 0.00570152 0.07064611 0.00098544 0.00290216 0.06580567 0.00224339
0.01573900 0.31848169 0.44721479 0.00001577 0.00002234 0.00023079 0.00001758 0.00314822 0.00315104 0.00842747 0.00001828 0.00009710 0.00055110 0.08973575 0.00624531 0.05084944 0.00092380 0.00104240 0.05177849 0.00230965
0.06368793 0.61953949 0.12657443 0.00000154 0.00000662 0.00000931 0.00000923 0.11830822 0.00269687 0.00073236 0.00005477 0.00007592 0.00012952 0.02327291 0.00833680 0.03160049 0.00115041 0.00134103 0.00089319 0.00157896
0.09637410 0.69345548 0.08450477 0.00000768 0.00011664 0.00028005 0.00000278 0.03730067 0.00149633 0.00309619 0.00009634 0.00040659 0.00032369 0.03400769 0.03593407 0.00586197 0.00091517 0.00336870 0.00175419 0.00069692
0.01337776 0.73314545 0.23511556 0.00000387 0.00000085 0.00037500 0.00000444 0.00311752 0.00123099 0.00299010 0.00005462 0.00024248 0.00067890 0.00066302 0.00290398 0.00102127 0.00007325 0.00388212 0.00083775 0.00028105
0.14841825 0.25613083 0.52627617 0.00001377 0.00001294 0.00157921 0.00002129 0.00938894 0.00063126 0.01119426 0.00010894 0.00006226 0.00098972 0.00319238 0.01010962 0.01171867 0.00006821 0.01452292 0.00349962 0.00206074
0.00002812 0.83276890 0.00332139 0.00000659 0.00000001 0.00000457 0.00000424 0.00033024 0.00015780 0.00001821 0.00000323 0.00001454 0.16135473 0.00000310 0.00136508 0.00009333 0.00000112 0.00052374 0.00000063 0.00000041
0.00136493 0.71220424 0.02900206 0.00003010 0.00000020 0.00000677 0.00000493 0.02792373 0.00040004 0.00002294 0.00002597 0.00005229 0.22127978 0.00006065 0.00103624 0.00074317 0.00000177 0.00581969 0.00000408 0.00001643
0.00002596 0.38451588 0.05610526 0.00008397 0.00000032 0.00000242 0.00001954 0.00379297 0.00825565 0.00002191 0.00000159 0.00001247 0.54488043 0.00004237 0.00117344 0.00054661 0.00000026 0.00048247 0.00000285 0.00003363
0.00030366 0.40704062 0.05441482 0.00044669 0.00001801 0.00000152 0.00016248 0.00696971 0.00148723 0.00008924 0.00000300 0.00090344 0.52432964 0.00002157 0.00167170 0.00157210 0.00000065 0.00024819 0.00000360 0.00031212
0.00034311 0.32861347 0.01036169 0.00117927 0.00009227 0.00000029 0.00002686 0.00558999 0.00378351 0.00015191 0.00000096 0.00136588 0.64449795 0.00002662 0.00324869 0.00036318 0.00000130 0.00011073 0.00001048 0.00023185
0.00091321 0.39787487 0.00983849 0.00251160 0.00016666 0.00000013 0.00009784 0.01233807 0.00166901 0.00061414 0.00001313 0.00346571 0.56505830 0.00009186 0.00259034 0.00122681 0.00003590 0.00112143 0.00001741 0.00035509
0.00024610 0.64795449 0.00541460 0.00015898 0.00000110 0.00000089 0.00003905 0.00240930 0.00024604 0.00012945 0.00000142 0.00134019 0.34028779 0.00000379 0.00133420 0.00027323 0.00000025 0.00013973 0.00000301 0.00001638
0.00187688 0.74633592 0.00653161 0.00021739 0.00000645 0.00000300 0.00006487 0.00216610 0.00028220 0.00023220 0.00013123 0.00044469 0.23210428 0.00004205 0.00178185 0.00059842 0.00000185 0.00709590 0.00000763 0.00007549
0.00001340 0.00002531 0.00001581 0.00000003 0.00000091 0.00129400 0.00000001 0.00003006 0.00001183 0.00007404 0.00000262 0.00000919 0.00000004 0.00002480 0.00000995 0.00032286 0.00014249 0.00001358 0.99797458 0.00003448
0.00000230 0.00000421 0.00000043 0.00000001 0.00000022 0.00043014 0.00000004 0.00001133 0.00000499 0.00000824 0.00000102 0.00000104 0.00000002 0.00000328 0.00000200 0.00013701 0.00007747 0.00000116 0.99931018 0.00000488
0.00001189 0.00002386 0.00001401 0.00000005 0.00000324 0.00190852 0.00000005 0.00004110 0.00005387 0.00002116 0.00002181 0.00000348 0.00000011 0.00032275 0.00000387 0.00070957 0.00453484 0.00001567 0.99229659 0.00001357
0.00000937 0.00002968 0.00002225 0.00000026 0.00002271 0.00086412 0.00000029 0.00000971 0.00003948 0.00002607 0.00003540 0.00004916 0.00000034 0.00099087 0.00001533 0.00202653 0.00476620 0.00001896 0.99102297 0.00005029
0.00000202 0.00000937 0.00000390 0.00000003 0.00000058 0.00122413 0.00000004 0.00000194 0.00000394 0.00000729 0.00000585 0.00001007 0.00000001 0.00018683 0.00000358 0.00055727 0.00022548 0.00000560 0.99772631 0.00002576
