0.21125153 0.06792201 0.00183316 0.00015126 0.01175483 0.00043060 0.04327450 0.00355180 0.00069298 0.17209232 0.02225455 0.20658539 0.00393989 0.00520779 0.00422163 0.00121510 0.01056076 0.04168504 0.18439244 0.00698243
0.16532069 0.19560459 0.00223405 0.00001156 0.00071288 0.00019533 0.00445666 0.00187317 0.00008023 0.13962496 0.08988557 0.05075352 0.00341453 0.00147115 0.00248363 0.16450191 0.01046392 0.02386723 0.14287420 0.00017021
0.07751175 0.01321787 0.00043416 0.00000840 0.00008324 0.00355612 0.00012832 0.00016084 0.00000774 0.02091163 0.01579808 0.02361478 0.00002616 0.00004818 0.00003276 0.00220239 0.00106096 0.01037872 0.83066930 0.00014860
0.57051709 0.01271606 0.00011611 0.00000667 0.00017705 0.00019024 0.00030211 0.00042708 0.00006510 0.00740217 0.00204749 0.02049517 0.00006786 0.00012839 0.00012459 0.00054289 0.00131778 0.00330246 0.37996560 0.00008809
0.38531930 0.01761142 0.00032917 0.00002765 0.00032424 0.00006969 0.00113815 0.00104164 0.00007909 0.02318466 0.00097683 0.01074249 0.00028330 0.00020646 0.00019355 0.00060076 0.00248983 0.00388039 0.55030600 0.00119537
0.21041528 0.14823741 0.00093355 0.00009589 0.00182558 0.00024324 0.01680005 0.00294314 0.00073914 0.07517669 0.00462266 0.06910993 0.00108653 0.00179951 0.00063769 0.00367821 0.00322501 0.03513450 0.42210607 0.00118991
0.59093637 0.03775034 0.00044781 0.00002393 0.00048503 0.00121745 0.00025298 0.00228624 0.00029782 0.00889299 0.00104148 0.08732035 0.00014435 0.00045744 0.00023730 0.00050626 0.00278061 0.01240250 0.25219134 0.00032741
0.00007061 0.00048048 0.00009340 0.00000003 0.00000117 0.00000979 0.00283495 0.00016357 0.00000110 0.00000634 0.00000497 0.00000146 0.00000536 0.00000039 0.00152070 0.00000012 0.00000952 0.00140045 0.00000075 0.99339483
0.00013260 0.00149882 0.00032766 0.00000081 0.00000192 0.00006982 0.00004127 0.00167056 0.00000427 0.00000389 0.00002283 0.00001165 0.00000228 0.00001185 0.14735390 0.00000857 0.00032026 0.00228760 0.00011579 0.84611367
0.00001266 0.00072968 0.00023402 0.00000007 0.00000409 0.00000072 0.00034933 0.00047761 0.00000325 0.00002751 0.00001158 0.00000452 0.00000111 0.00005173 0.02070346 0.00000984 0.00036256 0.00023417 0.00000425 0.97677784
0.00008344 0.01353933 0.00145229 0.00000024 0.00001439 0.00002068 0.00117506 0.00145639 0.00002081 0.00000593 0.00018312 0.00003069 0.00005037 0.00002092 0.09003958 0.00000224 0.00014471 0.00071030 0.00005210 0.89099743
0.00000721 0.00084160 0.00023411 0.00000002 0.00000187 0.00000663 0.00017053 0.00091826 0.00001255 0.00001399 0.00004474 0.00000138 0.00002428 0.00002138 0.00414981 0.00000194 0.00129709 0.00210578 0.00006949 0.99007731
0.00012918 0.01205783 0.00116561 0.00000014 0.00000593 0.00018153 0.00068918 0.00241466 0.00005409 0.00000438 0.00007559 0.00001747 0.00012872 0.00010873 0.15839078 0.00001507 0.00596208 0.00644710 0.00131314 0.81083880
0.08037212 0.00229324 0.00017664 0.00001497 0.00344710 0.00003276 0.02884878 0.00028580 0.00001276 0.00569493 0.00071629 0.01201253 0.00206874 0.00019798 0.00253692 0.00007625 0.00377049 0.06798286 0.00118144 0.78827739
0.00008132 0.00045726 0.00000020 0.99924089 0.00019921 0.00000000 0.00000000 0.00000003 0.00000012 0.00000014 0.00000000 0.00001857 0.00000126 0.00000038 0.00000000 0.00000004 0.00000000 0.00000008 0.00000050 0.00000001
0.00108614 0.00262818 0.00000074 0.85050924 0.14231527 0.00000027 0.00000000 0.00012954 0.00000105 0.00000246 0.00000000 0.00000646 0.00002996 0.00006993 0.00000008 0.00000032 0.00000001 0.00000932 0.00321101 0.00000003
0.00063690 0.00000590 0.00000003 0.83715471 0.15183042 0.00000001 0.00000000 0.00000007 0.00000000 0.00000064 0.00000000 0.00020967 0.00000007 0.00000560 0.00000003 0.00000000 0.00000000 0.00000002 0.01015593 0.00000001
0.00311142 0.00004368 0.00000009 0.93949410 0.05665054 0.00000008 0.00000000 0.00000068 0.00000001 0.00000069 0.00000000 0.00000428 0.00000016 0.00006345 0.00000004 0.00000000 0.00000000 0.00000019 0.00063057 0.00000001
0.00001677 0.00002228 0.00000004 0.98459140 0.01497779 0.00000002 0.00000000 0.00000016 0.00000000 0.00000055 0.00000000 0.00000029 0.00000002 0.00006032 0.00000000 0.00000000 0.00000000 0.00000007 0.00033027 0.00000002
0.00012572 0.00001658 0.00000013 0.99793341 0.00158969 0.00000001 0.00000000 0.00000045 0.00000002 0.00000016 0.00000000 0.00000002 0.00000001 0.00001796 0.00000003 0.00000002 0.00000000 0.00000011 0.00031566 0.00000002
0.00007772 0.00003365 0.00000004 0.99830812 0.00129731 0.00000000 0.00000000 0.00000017 0.00000001 0.00000011 0.00000000 0.00000041 0.00000001 0.00000596 0.00000001 0.00000003 0.00000000 0.00000001 0.00027642 0.00000001
0.04250110 0.00000558 0.00001841 0.00030614 0.95643174 0.00009491 0.00000000 0.00000109 0.00000006 0.00000383 0.00000002 0.00003762 0.00000014 0.00006293 0.00000004 0.00000000 0.00000908 0.00000090 0.00038799 0.00013844
0.01462658 0.00000119 0.00001276 0.00000005 0.98219649 0.00000118 0.00000000 0.00005409 0.00000000 0.00000030 0.00004314 0.00003266 0.00000003 0.00000255 0.00000001 0.00000000 0.00037810 0.00000531 0.00248499 0.00016057
0.00001329 0.00000000 0.00000002 0.00000159 0.99832667 0.00000000 0.00000000 0.00000000 0.00000000 0.00000055 0.00000003 0.00076134 0.00000000 0.00000018 0.00000000 0.00000000 0.00000005 0.00000000 0.00089624 0.00000003
0.00127013 0.00000003 0.00000026 0.00000472 0.99763046 0.00000017 0.00000000 0.00000043 0.00000000 0.00000009 0.00000236 0.00000574 0.00000000 0.00000323 0.00000000 0.00000000 0.00000327 0.00000002 0.00107822 0.00000087
0.00570345 0.00000000 0.00000004 0.00000232 0.99420612 0.00000003 0.00000000 0.00000008 0.00000000 0.00000005 0.00000352 0.00000409 0.00000000 0.00000059 0.00000000 0.00000000 0.00000021 0.00000001 0.00007868 0.00000081
0.05996382 0.00000018 0.00000017 0.00010010 0.93006832 0.00000406 0.00000000 0.00001409 0.00000000 0.00000033 0.00000263 0.00000897 0.00000000 0.00000190 0.00000001 0.00000000 0.00000236 0.00000002 0.00983136 0.00000167
0.00480474 0.00000007 0.00000008 0.00004499 0.99438404 0.00000013 0.00000000 0.00000014 0.00000000 0.00000007 0.00000140 0.00000884 0.00000000 0.00000229 0.00000000 0.00000004 0.00000306 0.00000010 0.00074810 0.00000190
0.00000369 0.01638377 0.01119596 0.00000082 0.00000037 0.00073305 0.00000007 0.22833242 0.00745240 0.00000011 0.00025828 0.00000004 0.00003250 0.00145511 0.00064970 0.33899022 0.03102523 0.00140353 0.00100577 0.36107696
0.00000063 0.00179978 0.00110625 0.00000471 0.00000002 0.00000126 0.00000081 0.04814833 0.00023196 0.00000031 0.00017415 0.00000006 0.00001617 0.00074243 0.00004337 0.58811333 0.00059560 0.00033271 0.00001446 0.35867367
0.00000912 0.00704728 0.00212598 0.00000365 0.00000009 0.00011087 0.00000000 0.43066345 0.00007225 0.00000004 0.00013772 0.00000002 0.00000348 0.00697997 0.03873108 0.41700824 0.01042335 0.00080569 0.00029149 0.08558624
0.00000119 0.00288791 0.00341769 0.00000502 0.00000005 0.00020351 0.00000007 0.01536108 0.00019256 0.00000003 0.00008344 0.00000003 0.00006497 0.01459232 0.00106017 0.15124773 0.00012969 0.00198681 0.00014581 0.80861992
0.00000014 0.00042709 0.00009058 0.00000154 0.00000001 0.00000415 0.00000001 0.01386288 0.00006387 0.00000000 0.00001082 0.00000000 0.00002397 0.00108119 0.00002743 0.96782949 0.00034368 0.00065139 0.00000547 0.01557629
0.00000130 0.01305558 0.00267391 0.00013184 0.00000010 0.00002834 0.00000018 0.02204178 0.04305178 0.00000011 0.00000458 0.00000007 0.00019572 0.01243785 0.00021449 0.81725637 0.00020538 0.00201472 0.00025161 0.08643427
0.00000149 0.00045447 0.00037074 0.00000293 0.00000004 0.00001077 0.00000000 0.89419903 0.00005128 0.00000000 0.00002473 0.00000001 0.00000139 0.00055569 0.00883151 0.07058108 0.01342613 0.00428350 0.00001025 0.00719496
0.00007266 0.00029796 0.00002306 0.00000005 0.00000002 0.98604613 0.00000000 0.00089554 0.00038835 0.00000002 0.00001889 0.00000000 0.00000909 0.00003341 0.00000504 0.00000283 0.00001436 0.00004670 0.01206400 0.00008188
0.00000058 0.00072371 0.00002213 0.00000004 0.00000003 0.95540829 0.00000008 0.00326076 0.00011198 0.00000003 0.00000660 0.00000003 0.00002941 0.00597341 0.00003817 0.01732163 0.00014268 0.00002600 0.01693180 0.00000266
0.00000764 0.00078823 0.00007406 0.00000005 0.00000007 0.94256136 0.00000000 0.02047166 0.00630393 0.00000050 0.00040116 0.00000002 0.00004562 0.00282999 0.00000768 0.00085585 0.01775378 0.00042056 0.00725749 0.00022035
0.00000393 0.00044609 0.00003760 0.00000001 0.00000004 0.99032209 0.00000000 0.00212519 0.00075120 0.00000003 0.00001852 0.00000008 0.00001051 0.00149093 0.00003802 0.00018771 0.00126479 0.00001860 0.00326716 0.00001751
0.00000016 0.00000980 0.00000275 0.00000000 0.00000000 0.99711961 0.00000000 0.00000573 0.00005072 0.00000000 0.00000005 0.00000000 0.00000014 0.00000176 0.00000075 0.00000106 0.00001175 0.00000031 0.00279486 0.00000056
0.00000040 0.00007233 0.00000856 0.00000002 0.00000000 0.98879608 0.00000000 0.00002149 0.00102876 0.00000000 0.00000028 0.00000000 0.00000041 0.00002902 0.00000096 0.00006864 0.00011414 0.00000589 0.00985239 0.00000063
0.00000013 0.00001414 0.00001595 0.00000001 0.00000001 0.99625958 0.00000000 0.00002459 0.00057765 0.00000001 0.00000009 0.00000000 0.00000072 0.00149509 0.00000013 0.00000729 0.00000405 0.00000093 0.00159908 0.00000056
0.00106231 0.13916471 0.00179673 0.00205077 0.02337165 0.00000001 0.00000017 0.00008814 0.00000001 0.00012844 0.00000043 0.80680199 0.00326841 0.00014068 0.02150656 0.00011518 0.00000017 0.00046160 0.00001468 0.00002735
0.01002919 0.62534286 0.00375345 0.00005066 0.00032968 0.00000014 0.00000003 0.00018139 0.00000018 0.00034646 0.00000673 0.31699903 0.00909209 0.00000299 0.02934129 0.00007775 0.00000004 0.00411571 0.00001780 0.00031252
0.00931659 0.00496831 0.00489592 0.00105044 0.00029353 0.00000578 0.00000333 0.00404319 0.00002471 0.03358332 0.00000298 0.85285668 0.05714293 0.00001110 0.00125252 0.00007689 0.00000001 0.02907837 0.00041694 0.00097646
0.00172092 0.00295673 0.00009398 0.00009615 0.00003063 0.00000023 0.00000005 0.00007632 0.00000009 0.00012413 0.00000110 0.99341973 0.00029727 0.00000266 0.00052485 0.00000254 0.00000000 0.00063886 0.00001110 0.00000265
0.00459072 0.37729171 0.00140998 0.00262616 0.00085121 0.00000014 0.00000044 0.00912317 0.00000044 0.00004648 0.00000008 0.59440399 0.00236564 0.00005230 0.00173046 0.00124188 0.00000036 0.00419909 0.00005949 0.00000627
0.02198513 0.54255998 0.00536288 0.00124604 0.00006020 0.00000192 0.00000071 0.00553030 0.00000151 0.00079472 0.00000282 0.38660501 0.00805046 0.00000683 0.00762785 0.00002062 0.00000002 0.02000081 0.00009968 0.00004251
0.22256119 0.13292817 0.00117707 0.00596058 0.00536531 0.00000175 0.00000026 0.01257839 0.00000065 0.00047022 0.00012458 0.37890710 0.01442013 0.00012856 0.07622606 0.00743008 0.00001173 0.14122634 0.00040787 0.00007393
0.00101838 0.01910917 0.00136426 0.00000953 0.00000230 0.00000148 0.00000000 0.00001984 0.97453390 0.00000170 0.00025377 0.00000064 0.00018886 0.00225954 0.00010619 0.00000012 0.00003423 0.00000791 0.00108654 0.00000163
0.00003227 0.01113032 0.00197967 0.00000027 0.00002395 0.00024223 0.11185737 0.00015615 0.04571204 0.00675831 0.00000003 0.00061505 0.72333431 0.00064719 0.00026836 0.00000202 0.00208115 0.00025091 0.00152433 0.09338407
0.02480031 0.06239284 0.02733251 0.00005155 0.00002047 0.00000360 0.00000005 0.06691722 0.16749671 0.00273996 0.00007856 0.00001930 0.00003490 0.00729503 0.00532715 0.02946373 0.00160997 0.00118845 0.60283494 0.00039274
0.00034122 0.00185678 0.00119231 0.00000241 0.00000023 0.00000206 0.00000000 0.00175190 0.96733742 0.00000289 0.00000276 0.00000730 0.00006995 0.02480615 0.00224482 0.00010176 0.00002558 0.00002097 0.00022263 0.00001086
0.00007272 0.00049658 0.00005065 0.00000030 0.00000000 0.00002597 0.00000000 0.00000348 0.99893568 0.00001293 0.00000013 0.00000217 0.00002308 0.00030428 0.00001732 0.00000036 0.00000611 0.00000607 0.00002831 0.00001383
0.00002473 0.00146692 0.00014821 0.00000099 0.00000002 0.00000336 0.00000000 0.00092351 0.99142512 0.00000152 0.00000036 0.00000185 0.00000566 0.00331108 0.00026004 0.00000477 0.00002155 0.00000038 0.00239937 0.00000057
0.00011088 0.00073805 0.00043238 0.00000137 0.00000002 0.00001641 0.00000000 0.00006214 0.99288907 0.00019266 0.00000001 0.00000321 0.00004320 0.00137110 0.00048976 0.00001616 0.00000225 0.00000296 0.00360462 0.00002374
0.00002099 0.34228058 0.00000163 0.00017987 0.00613764 0.00001348 0.00000098 0.01649037 0.00008608 0.00035610 0.00001212 0.00323416 0.01219926 0.00167217 0.00027123 0.05999053 0.08231607 0.00022490 0.47450371 0.00000815
0.00006817 0.05949026 0.00007170 0.00001658 0.00044232 0.00005049 0.00042269 0.03790595 0.00023460 0.00036724 0.01330667 0.00062152 0.04820765 0.00146937 0.00160209 0.51820203 0.26787109 0.02774827 0.02176420 0.00013711
0.00015547 0.88724810 0.00040720 0.00021111 0.00030912 0.00001416 0.00025360 0.01945077 0.00004546 0.00092335 0.00441076 0.03759075 0.00574636 0.00161075 0.00904446 0.01141411 0.00418602 0.01335429 0.00333120 0.00029296
0.00019539 0.44555028 0.00011218 0.00050077 0.00553575 0.00002172 0.00023762 0.01125333 0.00007159 0.01201574 0.00020459 0.15516208 0.02381042 0.00277376 0.09183071 0.14272131 0.01809335 0.04715941 0.04267213 0.00007785
0.00022637 0.41225038 0.00007478 0.00014299 0.00857889 0.00000751 0.00006421 0.03156049 0.00015938 0.00031779 0.00018994 0.14323254 0.03265341 0.00514417 0.00997120 0.03610464 0.17849995 0.02111907 0.11965295 0.00004936
0.00001807 0.06553349 0.00003215 0.00001458 0.00043479 0.00021898 0.00001083 0.01553284 0.00004880 0.00003646 0.00390564 0.00033073 0.00478177 0.01236442 0.00055169 0.63973935 0.24927651 0.00357725 0.00358892 0.00000273
0.00000099 0.09271721 0.00024042 0.00001475 0.00008264 0.00008492 0.00019466 0.43813109 0.00022655 0.00032478 0.00073876 0.00008599 0.00494514 0.00452965 0.00032623 0.37942561 0.02416146 0.04897326 0.00471369 0.00008219
0.50235142 0.00036486 0.00003437 0.00031630 0.00013106 0.00000073 0.00000000 0.00000442 0.00000915 0.00000107 0.00000000 0.03619224 0.00000001 0.45106602 0.00038267 0.00000000 0.00000001 0.00000682 0.00913765 0.00000120
0.99872555 0.00000288 0.00000080 0.00000023 0.00000137 0.00000016 0.00000000 0.00000008 0.00000041 0.00000374 0.00000000 0.00123398 0.00000009 0.00002239 0.00000136 0.00000000 0.00000000 0.00000046 0.00000651 0.00000000
0.69520162 0.00000159 0.00000121 0.00000157 0.00000465 0.00000006 0.00000000 0.00000030 0.00000018 0.00000015 0.00000000 0.30435807 0.00000000 0.00009923 0.00000279 0.00000000 0.00000000 0.00000250 0.00032606 0.00000000
0.99993424 0.00000013 0.00000015 0.00000050 0.00000049 0.00000000 0.00000000 0.00000003 0.00000003 0.00000015 0.00000000 0.00005306 0.00000000 0.00000987 0.00000054 0.00000000 0.00000000 0.00000001 0.00000080 0.00000000
0.99934749 0.00000001 0.00000045 0.00000027 0.00000085 0.00000029 0.00000000 0.00000004 0.00000011 0.00000074 0.00000000 0.00057621 0.00000000 0.00005463 0.00000014 0.00000000 0.00000000 0.00000011 0.00001865 0.00000000
0.99987005 0.00000008 0.00000036 0.00000029 0.00000162 0.00000000 0.00000000 0.00000001 0.00000001 0.00000012 0.00000000 0.00009217 0.00000000 0.00003339 0.00000038 0.00000000 0.00000000 0.00000017 0.00000135 0.00000000
0.99824488 0.00000022 0.00000002 0.00000041 0.00000125 0.00000000 0.00000000 0.00000004 0.00000044 0.00000008 0.00000000 0.00053704 0.00000000 0.00120827 0.00000011 0.00000000 0.00000000 0.00000001 0.00000722 0.00000000
0.00000029 0.00003304 0.00004259 0.00000024 0.00015012 0.00000335 0.00019445 0.00000091 0.00000012 0.97672061 0.00000000 0.00786710 0.00009548 0.00000016 0.00000261 0.00000000 0.00000000 0.00000088 0.00023638 0.01465166
0.00000000 0.00000234 0.00000021 0.00000006 0.00000028 0.00000008 0.00001281 0.00000004 0.00000003 0.99788121 0.00000000 0.00017117 0.00000098 0.00000000 0.00000001 0.00000000 0.00000000 0.00000007 0.00003035 0.00190036
0.00000010 0.00024529 0.00001663 0.00005534 0.00000525 0.00000144 0.00036764 0.00000026 0.00000120 0.99472312 0.00000001 0.00104661 0.00117362 0.00000002 0.00000030 0.00000004 0.00000000 0.00000084 0.00173456 0.00062773
0.00000008 0.00098354 0.00000756 0.00000144 0.00000093 0.00000378 0.00000518 0.00000059 0.00000090 0.99219980 0.00000004 0.00621712 0.00016522 0.00000000 0.00000025 0.00000001 0.00000000 0.00000357 0.00007127 0.00033873
0.00000002 0.00013053 0.00001365 0.00000112 0.00000019 0.00000017 0.00006476 0.00000002 0.00000031 0.99920753 0.00000000 0.00014864 0.00019916 0.00000000 0.00000004 0.00000001 0.00000000 0.00000079 0.00008513 0.00014793
0.00000001 0.00004233 0.00001544 0.00000039 0.00000013 0.00000017 0.00000413 0.00000002 0.00000209 0.99893127 0.00000000 0.00013932 0.00000225 0.00000002 0.00000001 0.00000000 0.00000000 0.00000030 0.00084058 0.00002153
0.00000001 0.00003255 0.00000532 0.00000178 0.00001013 0.00000057 0.00001967 0.00000026 0.00000128 0.98910313 0.00000000 0.00246169 0.00711966 0.00000000 0.00000003 0.00000000 0.00000000 0.00000020 0.00006539 0.00117834
0.08400901 0.02460765 0.00154666 0.00004526 0.00039437 0.00049515 0.00113943 0.03483511 0.00059744 0.00444312 0.02244879 0.00135483 0.00042188 0.01011384 0.00803049 0.01237481 0.09406569 0.02720805 0.10687737 0.56499105
0.05064142 0.01787097 0.00150887 0.00028785 0.00024768 0.00116705 0.00030065 0.03377100 0.00133458 0.00068152 0.16234860 0.00074701 0.00017688 0.04270265 0.03324673 0.06070683 0.05370375 0.00892120 0.42118517 0.10844960
0.07491147 0.04099130 0.00057817 0.00009481 0.00084539 0.00648921 0.00189975 0.02185075 0.00287676 0.00102627 0.04826362 0.00238267 0.00034066 0.15021497 0.00286503 0.05346640 0.17562580 0.02714191 0.32954305 0.05859202
0.00576171 0.02860110 0.00124179 0.00004042 0.00061690 0.00043541 0.00230578 0.04434609 0.00034664 0.00064137 0.02861495 0.00177996 0.00057876 0.00341567 0.01452209 0.00051362 0.02294276 0.03973881 0.02131894 0.78223723
0.00685492 0.00143540 0.00014338 0.00000211 0.00016718 0.00103965 0.00001751 0.02048559 0.00098870 0.00007410 0.23113204 0.00010699 0.00003038 0.00890705 0.00757579 0.00117630 0.43362544 0.02834359 0.15150224 0.10639163
0.01986110 0.06950718 0.00068981 0.00011004 0.00567668 0.00133533 0.02953755 0.01718995 0.00082404 0.00212072 0.05244371 0.00584402 0.00406206 0.06094389 0.03358216 0.00247026 0.16394475 0.19895317 0.04217591 0.28872765
0.26244363 0.01322496 0.00060679 0.00046260 0.03087799 0.00032661 0.00650945 0.00742227 0.00053489 0.00486499 0.17762605 0.02229076 0.00349549 0.02900331 0.00579643 0.00304257 0.21545892 0.05640244 0.01653144 0.14307842
0.25035130 0.00023817 0.00009507 0.00000322 0.00058407 0.04749831 0.00000000 0.00006835 0.00016339 0.01370824 0.00000073 0.25565178 0.00000001 0.00136544 0.00141523 0.00000000 0.00001467 0.00011900 0.42872064 0.00000238
0.00130163 0.08734335 0.00119248 0.00015972 0.00717259 0.00007403 0.00006451 0.00017881 0.02249666 0.23086172 0.00000002 0.61841217 0.02606461 0.00129490 0.00194520 0.00000430 0.00001786 0.00099065 0.00041935 0.00000541
0.50650834 0.00007155 0.00046954 0.00008408 0.00038628 0.00000034 0.00000000 0.00000628 0.00022139 0.00025198 0.00000118 0.07042069 0.00000004 0.01566754 0.00120703 0.00000036 0.00000292 0.00003061 0.40466980 0.00000005
0.81006599 0.00977647 0.00008150 0.00012496 0.00232194 0.00249917 0.00000000 0.00000565 0.00347654 0.00835122 0.00000281 0.07646803 0.00000111 0.01663238 0.00073420 0.00000097 0.00004701 0.00019163 0.06921841 0.00000000
0.20141839 0.00266998 0.00009339 0.00014058 0.00098198 0.01692346 0.00000000 0.00000029 0.00023038 0.00207699 0.00000014 0.03186257 0.00000244 0.00509489 0.00025082 0.00000115 0.00000333 0.00006738 0.73818184 0.00000000
0.98664798 0.00059177 0.00097459 0.00002303 0.00016763 0.00050980 0.00000000 0.00000042 0.00001955 0.00051949 0.00000004 0.00399686 0.00000042 0.00009935 0.00052783 0.00000001 0.00000004 0.00003257 0.00588858 0.00000003
0.93183712 0.00053216 0.00008143 0.00000324 0.00011167 0.02805468 0.00000000 0.00000010 0.00003561 0.00043224 0.00000004 0.02969883 0.00000094 0.00027803 0.00001035 0.00000008 0.00000006 0.00001521 0.00890819 0.00000001
0.00670893 0.00008294 0.00009641 0.00000064 0.00001276 0.00077663 0.00000556 0.00873835 0.00003536 0.00001976 0.00016812 0.00002897 0.00000106 0.00032013 0.00051415 0.00000403 0.00166321 0.00092293 0.01483432 0.96506573
0.00020394 0.00034784 0.00005031 0.00000235 0.00000755 0.00011190 0.00000606 0.01608652 0.00001711 0.00000321 0.00084875 0.00001645 0.00001221 0.00004880 0.01463451 0.00001361 0.00215594 0.00043876 0.00967969 0.95531448
0.00406940 0.00025028 0.00016897 0.00000183 0.00001335 0.00018921 0.00010960 0.01452856 0.00008554 0.00003450 0.00095804 0.00003029 0.00000746 0.01062685 0.00261981 0.00006543 0.00329212 0.00116349 0.06065154 0.90113372
0.00006759 0.00004210 0.00013185 0.00000010 0.00000270 0.00131623 0.00000181 0.00329746 0.00003065 0.00000522 0.00148107 0.00001026 0.00000103 0.00022048 0.00214008 0.00000064 0.00152240 0.00042100 0.05087455 0.93843278
0.00029224 0.00010882 0.00007897 0.00000014 0.00000454 0.00062821 0.00000028 0.08085932 0.00009016 0.00000304 0.05692943 0.00000465 0.00000166 0.00054884 0.00158187 0.00000553 0.00413675 0.00194174 0.03708459 0.81569924
0.00251379 0.00072920 0.00046703 0.00000741 0.00005689 0.00127932 0.00015579 0.06742375 0.00021498 0.00002818 0.00300003 0.00004906 0.00046786 0.01196060 0.01436845 0.00003939 0.04570824 0.02858750 0.08039050 0.74255200
0.02166851 0.00048712 0.00021376 0.00001948 0.00062732 0.00018141 0.00092272 0.00142066 0.00012513 0.00509950 0.01239946 0.00220060 0.00018261 0.00087583 0.00094348 0.00033321 0.01048009 0.00982309 0.04552677 0.88646926
0.00021442 0.00022222 0.00100021 0.00001099 0.00004095 0.00071859 0.00136995 0.00001915 0.00003870 0.91209427 0.00000011 0.00046677 0.00082886 0.00001724 0.00006621 0.00000236 0.00000018 0.00427588 0.05087425 0.02773865
0.00004325 0.00035454 0.00015535 0.00001919 0.00001838 0.00002614 0.07535725 0.00000638 0.00007718 0.92331909 0.00000001 0.00013563 0.00016874 0.00005742 0.00000052 0.00001668 0.00000003 0.00002196 0.00005726 0.00016499
0.00000500 0.00004204 0.00006220 0.00000065 0.00000221 0.00000068 0.00172596 0.00000034 0.00000878 0.99676652 0.00000002 0.00069904 0.00006993 0.00000001 0.00000014 0.00000005 0.00000000 0.00020899 0.00001029 0.00039714
0.00001798 0.00010078 0.00011879 0.00002946 0.00001624 0.00001049 0.00335085 0.00000211 0.00012031 0.99264443 0.00000002 0.00103323 0.00014291 0.00000335 0.00000703 0.00000106 0.00000000 0.00012467 0.00100696 0.00126933
0.00005969 0.00002049 0.00063843 0.00000205 0.00000111 0.00001058 0.00083268 0.00000030 0.00000762 0.99117271 0.00000002 0.00040228 0.00012006 0.00000142 0.00001869 0.00000008 0.00000000 0.00015862 0.00022322 0.00632995
0.00003304 0.00007554 0.00027172 0.00002874 0.00000362 0.00042359 0.00238526 0.00000017 0.00206874 0.97916948 0.00000004 0.00014596 0.01051950 0.00000938 0.00000848 0.00000714 0.00000003 0.00132416 0.00017040 0.00335500
0.00011575 0.00020681 0.00010368 0.00000994 0.00000300 0.00000204 0.00292100 0.00000007 0.00001429 0.99296190 0.00000002 0.00199700 0.00130673 0.00000986 0.00000173 0.00000283 0.00000000 0.00004564 0.00022860 0.00006910
0.00000000 0.00000255 0.00001162 0.00000000 0.00000000 0.00091444 0.00000000 0.00000047 0.99866609 0.00000000 0.00000929 0.00000000 0.00000001 0.00007268 0.00000006 0.00000955 0.00027470 0.00000186 0.00003173 0.00000495
0.00000013 0.00028245 0.00045339 0.00000001 0.00000000 0.01715259 0.00001605 0.00000782 0.90794815 0.00002924 0.00000006 0.00000046 0.00000249 0.00015518 0.00009942 0.01187523 0.03402684 0.00000283 0.00088445 0.02706324
0.00004405 0.00156547 0.00205405 0.00000000 0.00000000 0.01772848 0.00000214 0.00679864 0.95602877 0.00000088 0.00226403 0.00000050 0.00000211 0.00008279 0.00001170 0.00254635 0.00416776 0.00352801 0.00275487 0.00041942
0.00000002 0.00112692 0.00001322 0.00000000 0.00000000 0.00251563 0.00000000 0.00000447 0.99502160 0.00000005 0.00000165 0.00000001 0.00000038 0.00002341 0.00000013 0.00004033 0.00100752 0.00005538 0.00018880 0.00000051
0.00000001 0.00433667 0.00005125 0.00000000 0.00000000 0.00135118 0.00000000 0.00002146 0.99136225 0.00000003 0.00000831 0.00000001 0.00000014 0.00048292 0.00000061 0.00121182 0.00097431 0.00003585 0.00015419 0.00000897
0.00000003 0.02330697 0.00327348 0.00000000 0.00000000 0.00668581 0.00000013 0.00007345 0.95051997 0.00000031 0.00000221 0.00000000 0.00000199 0.00001316 0.00000452 0.01080071 0.00511284 0.00003944 0.00016449 0.00000048
0.00000015 0.00034893 0.00025331 0.00000000 0.00000000 0.10543388 0.00000001 0.00000885 0.88868607 0.00000018 0.00000322 0.00000027 0.00000024 0.00040727 0.00000208 0.00000955 0.00173159 0.00000387 0.00310755 0.00000299
0.00711748 0.22831054 0.02146098 0.00000299 0.00000280 0.00084597 0.00000144 0.01847666 0.00288662 0.00015043 0.00001150 0.13476854 0.00008519 0.01315207 0.00362216 0.53565614 0.00284895 0.00193583 0.02858764 0.00007607
0.21008025 0.01029744 0.00613438 0.00000234 0.00054603 0.00096274 0.00013299 0.02220950 0.03485590 0.00180083 0.00009899 0.17916436 0.00118811 0.10330330 0.00118923 0.01428739 0.00157366 0.04276359 0.36931937 0.00008960
0.00339497 0.02807434 0.00128448 0.00000087 0.00013558 0.00030087 0.00000248 0.01896227 0.00143185 0.00483146 0.00004473 0.20317294 0.00046437 0.63124707 0.00035853 0.02263955 0.01225675 0.00031867 0.07106794 0.00001029
0.07113908 0.14860303 0.00098430 0.00000002 0.00073273 0.00002093 0.00000902 0.01236385 0.00067825 0.00887335 0.00003412 0.20745991 0.00010677 0.22601856 0.00115781 0.20644849 0.00636711 0.03413931 0.07486312 0.00000022
0.01486677 0.31925009 0.07561512 0.00000012 0.00014370 0.00070499 0.00008246 0.00144929 0.00903677 0.00035321 0.00104300 0.02369042 0.00083241 0.01659165 0.00810251 0.42783127 0.00971438 0.01968001 0.07100303 0.00000878
0.31840200 0.01380540 0.00612583 0.00000004 0.00011058 0.00043098 0.00000531 0.04405488 0.00965187 0.00056192 0.00181229 0.31099425 0.00027808 0.08462963 0.00207239 0.10445168 0.00755398 0.08168089 0.01336242 0.00001559
0.00079716 0.45724617 0.00220427 0.00000057 0.00004675 0.00020983 0.00006186 0.02521611 0.00773639 0.00033682 0.00002400 0.00820115 0.00149238 0.27954045 0.00559504 0.07625437 0.01271629 0.01270862 0.10955777 0.00005400
0.00000044 0.00004762 0.00036826 0.00000082 0.00000245 0.00040708 0.00006709 0.00000050 0.00067414 0.99615160 0.00000000 0.00033144 0.00033656 0.00000021 0.00000004 0.00000003 0.00000001 0.00000037 0.00040630 0.00120502
0.00000026 0.00001175 0.00001251 0.00000041 0.00000634 0.00001389 0.00108576 0.00000008 0.00000925 0.99833305 0.00000000 0.00012662 0.00001929 0.00000004 0.00000022 0.00000019 0.00000001 0.00000070 0.00000491 0.00037471
0.00000008 0.00032163 0.00001227 0.00000020 0.00000120 0.00000123 0.02781967 0.00000097 0.00000752 0.97149534 0.00000000 0.00006742 0.00010841 0.00000002 0.00000001 0.00000000 0.00000000 0.00000104 0.00000164 0.00016135
0.00000000 0.00010679 0.00007216 0.00000038 0.00000003 0.00008472 0.04371598 0.00000011 0.00005096 0.95439729 0.00000000 0.00065296 0.00082680 0.00000000 0.00000008 0.00000001 0.00000000 0.00000047 0.00000704 0.00008423
0.00000012 0.00000450 0.00001699 0.00000034 0.00000017 0.00000689 0.00262800 0.00000006 0.00003828 0.99635098 0.00000000 0.00054013 0.00001559 0.00000005 0.00000001 0.00000000 0.00000000 0.00000045 0.00003834 0.00035910
0.00000655 0.00057515 0.00118599 0.00000337 0.00000016 0.00011363 0.10663148 0.00000137 0.00069708 0.88082356 0.00000001 0.00799179 0.00181012 0.00000125 0.00000416 0.00000034 0.00000000 0.00000668 0.00002215 0.00012515
0.00000082 0.00005938 0.00014442 0.00000098 0.00000298 0.00000382 0.04312480 0.00000058 0.00001540 0.95488419 0.00000000 0.00154571 0.00004621 0.00000648 0.00000003 0.00000046 0.00000000 0.00000317 0.00006571 0.00009484
0.00006076 0.00000012 0.00001329 0.00000001 0.00467015 0.00000035 0.00000000 0.00000049 0.00000022 0.00000803 0.00000000 0.98566799 0.00000000 0.00772071 0.00006425 0.00000002 0.00001036 0.00004127 0.00174169 0.00000030
0.00533242 0.00863643 0.02727203 0.00000471 0.00146283 0.00000956 0.00000298 0.00003180 0.00004853 0.00883634 0.00000017 0.85153561 0.00083104 0.08756957 0.00264365 0.00039580 0.00005595 0.00275228 0.00253540 0.00004291
0.00066477 0.00020348 0.00178981 0.00000008 0.00006472 0.00000010 0.00000000 0.00089145 0.00000011 0.00000728 0.00000066 0.98887194 0.00000001 0.00331277 0.00175864 0.00003580 0.00017819 0.00103012 0.00118917 0.00000090
0.57438416 0.00008087 0.01365907 0.00000399 0.00081672 0.00000655 0.00000001 0.00045988 0.00002273 0.00067537 0.00000037 0.06771854 0.00000184 0.20882479 0.00225518 0.00002614 0.00318198 0.00180773 0.12607151 0.00000256
0.01495887 0.00034101 0.00201185 0.00000026 0.00075894 0.00005098 0.00000004 0.00004915 0.00014960 0.00018042 0.00000009 0.69910055 0.00000098 0.27010488 0.00021091 0.00006635 0.00049230 0.00261890 0.00890233 0.00000159
0.02385167 0.00071397 0.00027588 0.00000370 0.00035922 0.00000434 0.00000027 0.00009301 0.00006911 0.00834351 0.00000002 0.93111726 0.00000045 0.02972273 0.00031350 0.00007033 0.00002545 0.00114021 0.00389392 0.00000143
0.04035513 0.00002808 0.00050446 0.00000068 0.00034131 0.00000152 0.00000001 0.00001005 0.00004461 0.00004616 0.00000039 0.93211289 0.00000020 0.01803951 0.00010950 0.00001640 0.00050850 0.00189733 0.00598304 0.00000022
0.00000453 0.00189967 0.00184423 0.00000001 0.00000000 0.00000427 0.00000001 0.00297781 0.00001948 0.00000004 0.00041015 0.00000014 0.00000009 0.00011599 0.00075825 0.98541715 0.00182994 0.00467849 0.00003564 0.00000409
0.00000072 0.00005824 0.00008116 0.00000001 0.00000000 0.00000868 0.00000003 0.00106932 0.00006581 0.00000000 0.00012978 0.00000000 0.00000001 0.00157264 0.00001006 0.99625120 0.00070165 0.00004626 0.00000440 0.00000003
0.00000007 0.00024490 0.00000644 0.00000000 0.00000000 0.00000813 0.00000008 0.00000190 0.00001649 0.00000000 0.00000727 0.00000001 0.00000003 0.00000883 0.00000054 0.99947219 0.00020016 0.00002962 0.00000335 0.00000000
0.00000003 0.00001106 0.00000866 0.00000000 0.00000000 0.00000017 0.00000003 0.00003154 0.00000225 0.00000000 0.00005009 0.00000000 0.00000001 0.00001016 0.00000235 0.99975735 0.00010520 0.00001762 0.00000346 0.00000002
0.00000001 0.00000885 0.00001860 0.00000000 0.00000000 0.00000259 0.00000000 0.00004643 0.00002520 0.00000001 0.00000958 0.00000000 0.00000000 0.00001424 0.00000042 0.99618598 0.00356784 0.00000382 0.00011640 0.00000000
0.00000012 0.00019004 0.00023114 0.00000002 0.00000000 0.00000763 0.00000093 0.00040619 0.00026762 0.00000018 0.00000171 0.00000001 0.00000007 0.00007133 0.00000076 0.99784183 0.00077562 0.00007145 0.00013334 0.00000002
0.00000202 0.00001658 0.00000151 0.00000000 0.00000000 0.00000057 0.00000000 0.00056518 0.00001846 0.00000001 0.00005882 0.00000004 0.00000000 0.00001622 0.00000442 0.99834884 0.00090006 0.00000613 0.00006110 0.00000004
0.03214344 0.74722156 0.05219655 0.00000575 0.00000129 0.00000098 0.00000229 0.00863354 0.00174082 0.05212908 0.00008168 0.00494667 0.02470941 0.00216126 0.00440117 0.01061397 0.00018688 0.00769635 0.00357821 0.04754910
0.03742405 0.03499144 0.22425183 0.00003892 0.00000209 0.00002341 0.00000638 0.00224264 0.06007770 0.00116385 0.00003217 0.00214805 0.00033646 0.11906352 0.01817664 0.43110244 0.00045788 0.00082635 0.01130016 0.05633402
0.06971660 0.79181125 0.13224345 0.00001386 0.00000129 0.00005408 0.00000007 0.00159953 0.00026691 0.00000459 0.00013495 0.00001015 0.00002075 0.00015571 0.00026571 0.00034113 0.00000448 0.00117760 0.00202513 0.00015275
0.01441456 0.33209410 0.56760356 0.00001138 0.00000082 0.00089694 0.00000441 0.00037324 0.01221617 0.01389841 0.00002918 0.00011782 0.00177481 0.00245947 0.00241129 0.00844315 0.00009926 0.01098949 0.03105793 0.00110401
0.01964549 0.32540475 0.48869316 0.00006194 0.00000160 0.00026681 0.00000713 0.02621171 0.00231430 0.00262521 0.00042601 0.00001267 0.00048152 0.07077202 0.04840300 0.00704807 0.00008539 0.00172832 0.00553974 0.00027119
0.00237690 0.76383826 0.19918918 0.00000371 0.00000000 0.00001726 0.00000264 0.00023394 0.00057178 0.00045753 0.00000206 0.00000172 0.00008922 0.00002965 0.00017810 0.03130655 0.00002997 0.00077561 0.00087042 0.00002549
0.01658873 0.30841437 0.62906599 0.00000924 0.00000016 0.00022481 0.00000433 0.00910286 0.00090705 0.00244139 0.00007201 0.00007605 0.00016207 0.01780573 0.00289401 0.00586596 0.00004636 0.00341731 0.00278573 0.00011583
0.00119563 0.35507312 0.00268578 0.00008288 0.00001384 0.00000000 0.00000094 0.00017135 0.00001726 0.00000584 0.00000011 0.00030944 0.63774989 0.00029304 0.00025229 0.00112180 0.00000059 0.00090309 0.00000615 0.00011699
0.00000299 0.25920959 0.05607420 0.00096791 0.00000161 0.00000592 0.00011441 0.00014451 0.00225329 0.00087033 0.00000002 0.00071238 0.66865844 0.00000524 0.00492233 0.00022373 0.00000014 0.00168090 0.00003327 0.00411878
0.00067569 0.55795979 0.00653643 0.00000565 0.00000017 0.00000000 0.00011669 0.00683492 0.00001797 0.00000418 0.00002006 0.00003023 0.01315309 0.00000258 0.00004762 0.38523118 0.00000099 0.02935906 0.00000059 0.00000310
0.00004103 0.03524755 0.00026775 0.00001231 0.00000012 0.00000000 0.00000264 0.00028730 0.00000041 0.00000181 0.00000000 0.00000202 0.96399892 0.00000012 0.00002307 0.00000486 0.00000000 0.00010162 0.00000000 0.00000846
0.01099663 0.06280685 0.00022113 0.00002376 0.00000153 0.00000001 0.00000088 0.00069762 0.00001631 0.00002769 0.00000003 0.00477711 0.91796089 0.00002417 0.00062208 0.00003605 0.00000009 0.00165200 0.00000117 0.00013399
0.00010083 0.13343138 0.00091214 0.00004758 0.00000052 0.00000001 0.00000147 0.00001382 0.00001650 0.00000795 0.00000000 0.00013412 0.86467684 0.00000019 0.00003491 0.00002711 0.00000003 0.00052681 0.00000002 0.00006776
0.00068018 0.60650276 0.00336463 0.00004922 0.00000012 0.00000002 0.00000119 0.00260962 0.00053116 0.00004112 0.00000003 0.00009783 0.38403663 0.00003338 0.00132794 0.00018904 0.00000170 0.00050706 0.00000133 0.00002503
0.00000002 0.00000591 0.00000800 0.00000000 0.00000005 0.00091649 0.00000000 0.00000042 0.00000037 0.00000249 0.00000027 0.00001118 0.00000000 0.00036667 0.00000024 0.00003215 0.00000575 0.00001670 0.99863266 0.00000063
0.00000007 0.00000000 0.00000000 0.00000000 0.00000000 0.00000168 0.00000000 0.00000000 0.00000000 0.00000001 0.00000000 0.00000001 0.00000000 0.00000039 0.00000000 0.00000009 0.00000029 0.00000001 0.99999744 0.00000000
0.00000012 0.00000023 0.00000000 0.00000000 0.00001905 0.00000081 0.00000000 0.00000054 0.00000055 0.00001082 0.00000011 0.00000664 0.00000000 0.00009389 0.00000000 0.00000771 0.00008921 0.00000016 0.99977013 0.00000003
0.00000015 0.00000165 0.00000081 0.00000000 0.00000013 0.00064501 0.00000000 0.00000039 0.00000086 0.00000027 0.00000067 0.00001773 0.00000000 0.00001951 0.00000124 0.00018538 0.00023377 0.00000054 0.99889182 0.00000006
0.00000001 0.00000012 0.00000006 0.00000000 0.00000005 0.00000160 0.00000000 0.00000002 0.00000004 0.00000034 0.00000004 0.00000076 0.00000000 0.00002878 0.00000001 0.00000749 0.00002298 0.00000014 0.99993758 0.00000001
0.00000075 0.00000386 0.00000794 0.00000000 0.00000134 0.00000754 0.00000000 0.00000014 0.00000005 0.00000281 0.00000475 0.00006932 0.00000000 0.00011645 0.00000038 0.00002612 0.00030493 0.00000487 0.99944863 0.00000011
0.00000000 0.00000001 0.00000000 0.00000000 0.00000000 0.00000094 0.00000000 0.00000004 0.00000002 0.00000003 0.00000000 0.00000000 0.00000000 0.00000042 0.00000000 0.00000175 0.00000198 0.00000000 0.99999481 0.00000000
0.00000001 0.00004140 0.00000119 0.00000034 0.00000032 0.00000003 0.00001135 0.00001660 0.00000024 0.00000252 0.00000000 0.00000002 0.00001972 0.00000008 0.00000010 0.00000057 0.00000037 0.00000317 0.00001986 0.99988210
0.00000008 0.00052982 0.00015573 0.00000018 0.00000017 0.00000341 0.00009568 0.00002945 0.00000834 0.00000169 0.00000000 0.00001530 0.00006235 0.00000004 0.00000747 0.00000004 0.00000014 0.00000572 0.00002799 0.99905638
0.00000034 0.04693822 0.00003461 0.00002376 0.00001741 0.00000007 0.00344544 0.00069052 0.00001493 0.00084896 0.00000013 0.00001946 0.01659779 0.00001196 0.00001088 0.00037178 0.00000432 0.00001717 0.00019468 0.93075757
0.00000002 0.00018259 0.00006409 0.00000108 0.00000043 0.00000477 0.00016576 0.00018390 0.00006210 0.00003876 0.00000021 0.00000878 0.00002650 0.00000005 0.00000791 0.00000055 0.00000076 0.00000291 0.00000466 0.99924418
0.00000013 0.00073267 0.00000478 0.00000098 0.00000596 0.00000098 0.00004311 0.00131939 0.00002375 0.00001112 0.00000033 0.00000153 0.00041401 0.00001251 0.00000651 0.00000697 0.00000814 0.00003053 0.00014610 0.99723051
0.00000001 0.01048851 0.00020504 0.00000321 0.00000070 0.00000073 0.00308922 0.00004096 0.00053070 0.00001338 0.00000006 0.00000437 0.00236041 0.00000681 0.00002377 0.00000584 0.00000579 0.00037339 0.00001748 0.98282962
0.00000002 0.00000183 0.00000009 0.00000001 0.00000439 0.00000000 0.00004522 0.00000005 0.00000003 0.00000049 0.00000000 0.00000239 0.00002316 0.00000002 0.00000003 0.00000005 0.00000119 0.00000014 0.00000002 0.99992087
0.00000031 0.00024272 0.00005555 0.00000000 0.00000000 0.00003234 0.00000000 0.01389468 0.00000029 0.00000000 0.00003415 0.00000000 0.00000000 0.00005971 0.31650989 0.00000542 0.65203822 0.00029459 0.00000000 0.01683212
0.00000012 0.00000543 0.00011428 0.00000000 0.00000000 0.00008278 0.00000000 0.02273553 0.00001114 0.00000000 0.00106222 0.00000000 0.00000000 0.00008450 0.00320613 0.00001580 0.97263025 0.00001855 0.00003166 0.00000162
0.00001302 0.14171836 0.01216916 0.00000002 0.00000000 0.00000494 0.00000001 0.23418373 0.00062149 0.00000000 0.05720290 0.00000020 0.00000249 0.00064640 0.20922922 0.04936346 0.29408894 0.00063877 0.00000147 0.00011542
0.00000000 0.00000108 0.00001948 0.00000000 0.00000000 0.00000147 0.00000000 0.00111124 0.00000192 0.00000000 0.00017972 0.00000000 0.00000000 0.00000045 0.00088724 0.00000215 0.99777393 0.00002042 0.00000006 0.00000083
0.00000088 0.00028947 0.00099869 0.00000000 0.00000000 0.00000221 0.00000000 0.07025918 0.00001643 0.00000000 0.00195093 0.00000001 0.00000009 0.00002359 0.06842224 0.00009531 0.85693382 0.00091451 0.00000035 0.00009229
0.00000013 0.00682877 0.00336360 0.00000000 0.00000000 0.00017616 0.00000000 0.00148311 0.00018631 0.00000000 0.00003118 0.00000006 0.00000003 0.00000642 0.38972877 0.00010839 0.59759269 0.00039707 0.00000661 0.00009071
0.00072629 0.00409738 0.00200589 0.00000002 0.00000016 0.00007570 0.00000000 0.16331742 0.00003145 0.00000002 0.08002074 0.00014209 0.00000049 0.00022506 0.00297178 0.01268793 0.45362782 0.28005706 0.00001054 0.00000215
0.00000000 0.00000000 0.00000000 0.00000000 0.00000000 0.00000000 0.00000000 0.00000000 0.00000000 0.00000000 0.00000000 0.00000000 0.00000000 0.00000000 0.00000000 0.00000000 0.00000000 0.00000000 0.99999999 0.00000000
0.00000001 0.00000000 0.00000000 0.00000000 0.00000000 0.00001493 0.00000000 0.00000000 0.00000000 0.00000000 0.00000000 0.00000000 0.00000000 0.00000000 0.00000000 0.00000000 0.00000000 0.00000000 0.99998506 0.00000000
0.00000004 0.00000000 0.00000000 0.00000000 0.00000000 0.00000027 0.00000000 0.00000000 0.00000000 0.00000002 0.00000000 0.00000000 0.00000000 0.00000000 0.00000000 0.00000000 0.00000000 0.00000000 0.99999967 0.00000000
0.00000000 0.00000000 0.00000000 0.00000000 0.00000000 0.00000059 0.00000000 0.00000000 0.00000000 0.00000000 0.00000000 0.00000000 0.00000000 0.00000001 0.00000000 0.00000000 0.00000000 0.00000000 0.99999939 0.00000000
0.00000028 0.00000000 0.00000001 0.00000000 0.00000000 0.00000052 0.00000000 0.00000000 0.00000000 0.00000000 0.00000000 0.00000001 0.00000000 0.00000001 0.00000000 0.00000000 0.00000000 0.00000000 0.99999917 0.00000000
0.00000000 0.00000000 0.00000000 0.00000000 0.00000000 0.00000010 0.00000000 0.00000000 0.00000000 0.00000000 0.00000000 0.00000000 0.00000000 0.00000000 0.00000000 0.00000000 0.00000000 0.00000000 0.99999990 0.00000000
